{"keyframes": [], "render_height": 1080, "render_width": 1920, "camera_path": [{"camera_to_world": [-0.9372306267157325, -0.08761245662010461, 0.337524532132148, -0.16879513719837608, 0.3487101265321027, -0.23547660758456945, 0.9071670270321931, 1.254582668310209, -6.938893903907227e-17, 0.9679229435887203, 0.25124723933716564, 0.01131512943482274, 0, 0, 0, 1], "fov": 51.67941044337229, "aspect": 1.7118226600985222}, {"camera_to_world": [-0.9198029629510982, -0.09929046643030123, 0.37997557509981217, -0.13521987932063131, 0.39238056698361157, -0.23275277345527157, 0.8907236729704108, 1.2428380890574895, -6.938941555315054e-17, 0.96745415897857, 0.24945921658192458, 0.011315129434822739, 0, 0, 0, 1], "fov": 51.67941044337229, "aspect": 1.7118226600985222}, {"camera_to_world": [-0.9013236973386061, -0.11042327793220746, 0.4196581573970634, -0.10045255818237182, 0.43314615618271923, -0.22977721426695735, 0.8732568363918878, 1.2306274903857415, -8.326911162269332e-17, 0.9669587020625148, 0.2476076101918791, 0.011315129434822737, 0, 0, 0, 1], "fov": 51.67941044337229, "aspect": 1.7118226600985222}, {"camera_to_world": [-0.8820341290247509, -0.12102266266524242, 0.4567353991193485, -0.0646260300012088, 0.4711855210376794, -0.2265479606018221, 0.8549842725850467, 1.217881245292917, -1.1102959549767871e-16, 0.9664520353688383, 0.2457532681847955, 0.011315129434822737, 0, 0, 0, 1], "fov": 51.67941044337229, "aspect": 1.7118226600985222}, {"camera_to_world": [-0.862123925208357, -0.13110089564773872, 0.4913894591274719, -0.027873150994753317, 0.5066974813272072, -0.22306252333859922, 0.8360779852296463, 1.2045297267769681, -1.5267348851026715e-16, 0.9659480658100504, 0.24394671974172116, 0.011315129434822735, 0, 0, 0, 1], "fov": 51.67941044337229, "aspect": 1.7118226600985222}, {"camera_to_world": [-0.841735759824777, -0.1406706012501304, 0.5238112969652248, 0.009673222619383418, 0.5398897208062082, -0.2193178919047963, 0.8166680769499016, 1.1905033078358458, -9.71619293347261e-17, 0.9654591882800448, 0.24222918334205434, 0.011315129434822735, 0, 0, 0, 1], "fov": 51.67941044337229, "aspect": 1.7118226600985222}, {"camera_to_world": [-0.82097066436073, -0.1497446171302972, 0.5541929783911894, 0.04788023462359029, 0.5709703742394188, -0.21531053686220458, 0.7968472589491769, 1.1757323614675024, -1.2493128701462476e-16, 0.9649963328202911, 0.2406337229215514, 0.011315129434822734, 0, 0, 0, 1], "fov": 51.67941044337229, "aspect": 1.7118226600985222}, {"camera_to_world": [-0.7998934411590198, -0.15833587511884636, 0.5827221275288058, 0.0866150288002562, 0.6001420521766337, -0.21103641637573925, 0.7766754656468141, 1.160147260669889, -1.110583052479054e-16, 0.9645690134011328, 0.23918641924366565, 0.011315129434822732, 0, 0, 0, 1], "fov": 51.67941044337229, "aspect": 1.7118226600985222}, {"camera_to_world": [-0.7785377361215594, -0.1664572978408724, 0.6095780968276172, 0.12574474893176996, 0.6275977959128897, -0.20649098621106743, 0.756184222736393, 1.1436783784409579, -1.3883319788395364e-16, 0.9641853766828742, 0.237907471830074, 0.011315129434822732, 0, 0, 0, 1], "fov": 51.67941044337229, "aspect": 1.7118226600985222}, {"camera_to_world": [-0.7569105519808835, -0.17412170981424907, 0.6349294494621548, 0.16513653880052037, 0.6535184896389652, -0.20166921300140717, 0.7353805709870826, 1.1262560877786605, -1.1107434009975645e-16, 0.9638522494131327, 0.236812183006697, 0.01131512943482273, 0, 0, 0, 1], "fov": 51.67941044337229, "aspect": 1.7118226600985222}, {"camera_to_world": [-0.7349961112574401, -0.18134176176139882, 0.6589323992313366, 0.20465754218889642, 0.6780713210543863, -0.1965655906165521, 0.7142504571104284, 1.1078107616809483, -1.3885154603442248e-16, 0.9635751833805385, 0.23591180080864668, 0.011315129434822732, 0, 0, 0, 1], "fov": 51.67941044337229, "aspect": 1.7118226600985222}, {"camera_to_world": [-0.7127590610942247, -0.18812986690180525, 0.6817299121598586, 0.24417490287928695, 0.7014089540546791, -0.1911741595563647, 0.6927615755430313, 1.0882727731457733, -8.331517015702811e-17, 0.9633584970806178, 0.23521421368116488, 0.011315129434822732, 0, 0, 0, 1], "fov": 51.67941044337229, "aspect": 1.7118226600985222}, {"camera_to_world": [-0.690147062535674, -0.19449814804780088, 0.7034512312865578, 0.2835557646540806, 0.7236691454479597, -0.18548852937584745, 0.670865690437859, 1.0675724951710872, -1.1109102944546651e-16, 0.9632053134591612, 0.23472449934925957, 0.01131512943482273, 0, 0, 0, 1], "fov": 51.67941044337229, "aspect": 1.7118226600985222}, {"camera_to_world": [-0.6670928351714295, -0.20045839439928836, 0.7242116363614217, 0.3226672712956665, 0.7449745963876513, -0.1795019042288922, 0.6485004939860917, 1.0456403007548418, -5.554672417405571e-17, 0.9631175932839462, 0.23444533490455063, 0.01131512943482273, 0, 0, 0, 1], "fov": 51.67941044337229, "aspect": 1.7118226600985222}, {"camera_to_world": [-0.6435157428622774, -0.20602202701822858, 0.7441122915629027, 0.3613765665864334, 0.7654328766707185, -0.17320711169251415, 0.6255910722842501, 1.0224065628949879, -2.7773511205079785e-17, 0.9630961638603058, 0.23437727667853775, 0.01131512943482273, 0, 0, 0, 1], "fov": 51.67941044337229, "aspect": 1.7118226600985222}, {"camera_to_world": [-0.6193230138164533, -0.21120007205629918, 0.7632400670638615, 0.39955079430877016, 0.7851362968028577, -0.16659663510245598, 0.6020510585541715, 0.9978016545894786, -5.554640321969339e-17, 0.963140742952946, 0.23451891804746514, 0.011315129434822732, 0, 0, 0, 1], "fov": 51.67941044337229, "aspect": 1.7118226600985222}, {"camera_to_world": [-0.5944106931198633, -0.216003140905402, 0.7816672455507666, 0.43705709824506567, 0.8041616304604217, -0.15966264969411104, 0.5777835594455079, 0.9717559488362644, -2.7772453111232585e-17, 0.9632499579089826, 0.23486693183067872, 0.01131512943482273, 0, 0, 0, 1], "fov": 51.67941044337229, "aspect": 1.7118226600985222}, {"camera_to_world": [-0.5686644311225538, -0.22044141653783692, 0.799451044405731, 0.4737626221777087, 0.82256961089993, -0.15239706289926302, 0.5526819461272603, 0.9441998186332977, -2.7771307241210487e-17, 0.9634213600987211, 0.23541600205502275, 0.01131512943482273, 0, 0, 0, 1], "fov": 51.67941044337229, "aspect": 1.7118226600985222}, {"camera_to_world": [-0.541960219034454, -0.22452464539877967, 0.8166329002486443, 0.5095345098890882, 0.8404041414605989, -0.14479155919849862, 0.5266306097924514, 0.9150636369785299, -4.165473782074721e-17, 0.9636514349044574, 0.23615864807607392, 0.01131512943482273, 0, 0, 0, 1], "fov": 51.67941044337229, "aspect": 1.7118226600985222}, {"camera_to_world": [-0.5141651951178591, -0.22826213430655629, 0.833237477172565, 0.5442399051615929, 0.8576911752661409, -0.13683764997037703, 0.49950579227657976, 0.8842777768699127, 2.7768085024573374e-17, 0.9639356075964827, 0.23708494283114184, 0.01131512943482273, 0, 0, 0, 1], "fov": 51.67941044337229, "aspect": 1.7118226600985222}, {"camera_to_world": [-0.48513866173594317, -0.23166275190487204, 0.8492713757953939, 0.5777459517776119, 0.8744372355344081, -0.12852672881034133, 0.4711766173271659, 0.8517726113053978, 0, 0.9642682455422736, 0.23818212682468035, 0.011315129434822732, 0, 0, 0, 1], "fov": 51.67941044337229, "aspect": 1.7118226600985222}, {"camera_to_world": [-0.45473347520157786, -0.23473493429466144, 0.8647215400101091, 0.609919793519534, 0.8906275689260331, -0.1198501328133605, 0.441506466552142, 0.8174785132829371, 2.776420239377803e-17, 0.964642657301812, 0.2394341208666542, 0.011315129434822732, 0, 0, 0, 1], "fov": 51.67941044337229, "aspect": 1.7118226600985222}, {"camera_to_world": [-0.4227979957649128, -0.23748669455084004, 0.8795533852162037, 0.6406285741697477, 0.9062239539855326, -0.11079921032249847, 0.4103548651546591, 0.781325855800482, 0, 0.965051089271043, 0.24082094426901124, 0.011315129434822734, 0, 0, 0, 1], "fov": 51.67941044337229, "aspect": 1.7118226600985222}, {"camera_to_world": [-0.3891788114712441, -0.2399256359002938, 0.8937087093284962, 0.6697394375106422, 0.9211622293069933, -0.101365395638731, 0.37758006378488757, 0.7432450118559845, 1.3880226033603146e-17, 0.96548472064805, 0.24231805195361264, 0.011315129434822734, 0, 0, 0, 1], "fov": 51.67941044337229, "aspect": 1.7118226600985222}, {"camera_to_world": [-0.35372447194513995, -0.2420589684013172, 0.9071034994890524, 0.6971195273246065, 0.9353496661394239, -0.09154029116270447, 0.34304251978909167, 0.7031663544473961, 4.1638293342655225e-17, 0.9659336576133669, 0.24389561462122455, 0.011315129434822735, 0, 0, 0, 1], "fov": 51.67941044337229, "aspect": 1.7118226600985222}, {"camera_to_world": [-0.3162904780785752, -0.24389352902075367, 0.9196258160548076, 0.7226359873940289, 0.9486623917268071, -0.08131575739376413, 0.3066094867362872, 0.6610202565726683, 5.551512039415403e-17, 0.9663869277371674, 0.24551778161436644, 0.011315129434822735, 0, 0, 0, 1], "fov": 51.67941044337229, "aspect": 1.7118226600985222}, {"camera_to_world": [-0.27674575865295503, -0.2454358050525686, 0.9311340222225508, 0.7461559615012988, 0.9609431747338655, -0.07068401114216077, 0.2681609049972431, 0.6167370912297531, 4.1634882915928675e-17, 0.9668324757511264, 0.2471419869037104, 0.011315129434822737, 0, 0, 0, 1], "fov": 51.67941044337229, "aspect": 1.7118226600985222}, {"camera_to_world": [-0.2349808081192494, -0.24669196085964876, 0.9414557300552701, 0.7675465934288048, 0.9720000101932226, -0.059637732213396966, 0.2275967345030258, 0.5702472314166023, 2.775595787865872e-17, 0.9672571619500496, 0.24871838450275022, 0.011315129434822739, 0, 0, 0, 1], "fov": 51.67941044337229, "aspect": 1.7118226600985222}, {"camera_to_world": [-0.19091754044286136, -0.24766786794829412, 0.9503879428970983, 0.7866750269589359, 0.9816060781959578, -0.04817017869562988, 0.18484576711050338, 0.5214810501311673, 3.4694552682515533e-17, 0.9676467646152584, 0.25018952891188656, 0.01131512943482274, 0, 0, 0, 1], "fov": 51.67941044337229, "aspect": 1.7118226600985222}, {"camera_to_world": [-0.144561033814413, -0.24836867156380998, 0.9576935345777635, 0.8034171659658359, 0.9894958855409697, -0.036285579811933644, 0.13991484902461324, 0.4704141083467437, 4.1633368631915653e-17, 0.9679857228716444, 0.25148942095119947, 0.01131512943482274, 0, 0, 0, 1], "fov": 51.67941044337229, "aspect": 1.7118226600985222}, {"camera_to_world": [-0.0973011432078331, -0.24878080767737162, 0.9629969988676944, 0.8179637859081202, 0.9952549861871824, -0.02432206553208235, 0.0941474397978211, 0.41850516090423356, 4.163350976268921e-17, 0.9682543812757305, 0.25253324484378176, 0.011315129434822742, 0, 0, 0, 1], "fov": 51.67941044337229, "aspect": 1.7118226600985222}, {"camera_to_world": [-0.04998288380519954, -0.24888895724395724, 0.966176372801111, 0.8304507897826595, 0.9987500745063881, -0.012455756598036136, 0.04835271867280166, 0.3665459756288713, 3.64295211150392e-17, 0.9684519301904385, 0.2533085692151716, 0.011315129434822744, 0, 0, 0, 1], "fov": 51.67941044337229, "aspect": 1.7118226600985222}, {"camera_to_world": [-0.00281560579077377, -0.24868387060422628, 0.9672443735628493, 0.8408892740730248, 0.9999960361741594, -0.0007001985216103161, 0.002723389654339185, 0.3146218365877626, 2.9057029134264713e-17, 0.9685844528090108, 0.25383243480651113, 0.011315129434822747, 0, 0, 0, 1], "fov": 51.67941044337229, "aspect": 1.7118226600985222}, {"camera_to_world": [0.0440077637988375, -0.24815647218439643, 0.9662342172585914, 0.8492903352627879, 0.9990311890653993, 0.01093140187471042, -0.042563042748695545, 0.2628180278480142, 2.081704629004377e-17, 0.9686582832795311, 0.25412560829371306, 0.011315129434822747, 0, 0, 0, 1], "fov": 51.67941044337229, "aspect": 1.7118226600985222}, {"camera_to_world": [0.0903143397555471, -0.24729783304032407, 0.9631961275876015, 0.8556650698355195, 0.9959133094976287, 0.022426189409277653, -0.08734738404294924, 0.21121983347673187, 1.3878045564332184e-17, 0.9686799511717683, 0.254211829585294, 0.011315129434822751, 0, 0, 0, 1], "fov": 51.67941044337229, "aspect": 1.7118226600985222}, {"camera_to_world": [0.13595376135203063, -0.2460991408115789, 0.9581934509901836, 0.8600245742747911, 0.9907151834781959, 0.03377166759610234, -0.13149087238942586, 0.15991253754102236, 6.939014709576855e-18, 0.9686561244113315, 0.2541170221724435, 0.011315129434822753, 0, 0, 0, 1], "fov": 51.67941044337229, "aspect": 1.7118226600985222}, {"camera_to_world": [0.18079953763061363, -0.2445516674879285, 0.9512986138233024, 0.8623799450641739, 0.9835199678667212, 0.04495569978565466, -0.17487631684891627, 0.1089814241079913, -1.3877989555292023e-17, 0.9685935509725717, 0.25386851152362533, 0.011315129434822754, 0, 0, 0, 1], "fov": 51.67941044337229, "aspect": 1.7118226600985222}, {"camera_to_world": [0.22474933223260463, -0.24264673542294155, 0.9425891303184585, 0.8627422786872393, 0.9744166140111724, 0.05596650444026844, -0.21740831853915424, 0.05851177724474556, -2.081690437605562e-17, 0.9684989995706378, 0.25349428876302027, 0.011315129434822758, 0, 0, 0, 1], "fov": 51.67941044337229, "aspect": 1.7118226600985222}, {"camera_to_world": [0.2677243213271385, -0.24037568205890417, 0.9321438296986762, 0.8611226716275585, 0.963495556694437, 0.06679264465272206, -0.25901268817631146, 0.008588881018390735, -6.938940296601872e-18, 0.9683791995365306, 0.2530223470730719, 0.011315129434822761, 0, 0, 0, 1], "fov": 51.67941044337229, "aspect": 1.7118226600985222}, {"camera_to_world": [0.30966779122270005, -0.23772982385494587, 0.9200394240305477, 0.8575322203687027, 0.9508448133524492, 0.07742301207004111, -0.2996352004832766, -0.0407019805039663, -4.1633497943628586e-17, 0.9682407799983941, 0.2524801078518558, 0.011315129434822761, 0, 0, 0, 1], "fov": 51.67941044337229, "aspect": 1.7118226600985222}, {"camera_to_world": [0.35054315314958223, -0.2347004199373939, 0.9063474915273039, 0.8519820213942432, 0.9365465806781574, 0.08784680543151549, -0.339239835032164, -0.08927552325521994, -8.326680102343319e-17, 0.9680902084293015, 0.25189394381269664, 0.011315129434822765, 0, 0, 0, 1], "fov": 51.67941044337229, "aspect": 1.7118226600985222}, {"camera_to_world": [0.39033154539299253, -0.23127863601924004, 0.8911319079462454, 0.8444831711877513, 0.920674364078374, 0.09805350397058366, -0.37780664733275193, -0.13704646316826363, -4.1633363576921165e-17, 0.9679337285579889, 0.2512887977432935, 0.011315129434822768, 0, 0, 0, 1], "fov": 51.67941044337229, "aspect": 1.7118226600985222}, {"camera_to_world": [0.42902917247960143, -0.22745550916564528, 0.8744467245115596, 0.8350467662327983, 0.9032906338280433, 0.10803283596521848, -0.41532939736659663, -0.18392951617599113, -5.551118837919773e-17, 0.967777297576002, 0.25068788896574984, 0.01131512943482277, 0, 0, 0, 1], "fov": 51.67941044337229, "aspect": 1.7118226600985222}, {"camera_to_world": [0.46664450259873436, -0.22322191401609845, 0.85633446586272, 0.8236839030129552, 0.8844449718294403, 0.11777474275162417, -0.4518130393732657, -0.22983939821129595, -1.1102260884137218e-16, 0.9676265225141248, 0.25011249474566843, 0.011315129434822773, 0, 0, 0, 1], "fov": 51.67941044337229, "aspect": 1.7118226600985222}, {"camera_to_world": [0.5031954123496377, -0.21856853111268293, 0.8368248060030034, 0.8104056780117936, 0.8641726546184381, 0.12726933854261138, -0.48727115012336386, -0.27469082520707244, -6.938935228303724e-17, 0.9674865956043888, 0.2495817908331654, 0.011315129434822775, 0, 0, 0, 1], "fov": 51.67941044337229, "aspect": 1.7118226600985222}, {"camera_to_world": [0.5387063357075583, -0.21348581802935426, 0.8159335733740923, 0.7952231877128849, 0.8424936105802437, 0.13650686641637177, -0.5217233459971342, -0.3183985130962137, -6.938961894626222e-17, 0.9673622283930257, 0.24911273368204104, 0.011315129434822779, 0, 0, 0, 1], "fov": 51.67941044337229, "aspect": 1.7118226600985222}, {"camera_to_world": [0.5732054441640737, -0.20796398405057998, 0.7936620368612557, 0.7781475285998001, 0.8194116906541346, 0.14547765086519718, -0.5551927139238747, -0.3608771778116138, -1.2490180829312316e-16, 0.9672575843261989, 0.24871996632977633, 0.011315129434822779, 0, 0, 0, 1], "fov": 51.67941044337229, "aspect": 1.7118226600985222}, {"camera_to_world": [0.6067218587378177, -0.20199296921038754, 0.7699964315177587, 0.7591897971561102, 0.7949142004831261, 0.15417204731883344, -0.5877032588775072, -0.40204153528616693, -5.551211072397885e-17, 0.9671762094960209, 0.24841573008703577, 0.011315129434822782, 0, 0, 0, 1], "fov": 51.67941044337229, "aspect": 1.7118226600985222}, {"camera_to_world": [0.6392828726868658, -0.1955624285758611, 0.7449076950391983, 0.7383610898653867, 0.7689716566228099, 0.16258038908568034, -0.6192773518631723, -0.4418063014527662, -1.3878064047105605e-16, 0.9671209612112953, 0.24820976479728935, 0.011315129434822784, 0, 0, 0, 1], "fov": 51.67941044337229, "aspect": 1.7118226600985222}, {"camera_to_world": [0.6709111466023933, -0.18866172274319604, 0.7183514027846455, 0.7156725032112012, 0.7415377491164304, 0.17069293218914294, -0.6499331475436622, -0.4800861922443057, -8.326849649563558e-17, 0.9670939340478989, 0.2481091812918667, 0.011315129434822787, 0, 0, 0, 1], "fov": 51.67941044337229, "aspect": 1.7118226600985222}, {"camera_to_world": [0.7016218253572069, -0.18127991560993778, 0.6902679100578969, 0.6911351336771243, 0.7125495170038508, 0.17849979861842732, -0.6796819301439629, -0.5167959235936792, -6.939040514997745e-17, 0.9670963830403022, 0.24811829070038458, 0.011315129434822789, 0, 0, 0, 1], "fov": 51.67941044337229, "aspect": 1.7118226600985222}, {"camera_to_world": [0.7314195195691021, -0.173405780593898, 0.6605827353775948, 0.664760077746728, 0.681927772123488, 0.18599091856538502, -0.7085253405078057, -0.5518502114337805, -1.1102447072178624e-16, 0.9671286437014598, 0.2482383765241633, 0.011315129434822793, 0, 0, 0, 1], "fov": 51.67941044337229, "aspect": 1.7118226600985222}, {"camera_to_world": [0.760295093765613, -0.16502781658667645, 0.6292072477323483, 0.6365584319035832, 0.6495778401361441, 0.19315597228409861, -0.7364524370357298, -0.5851637716975033, -1.2490217068424094e-16, 0.9671900486065903, 0.24846739702668766, 0.01131512943482279, 0, 0, 0, 1], "fov": 51.67941044337229, "aspect": 1.7118226600985222}, {"camera_to_world": [0.7882222110254973, -0.15613427505609945, 0.5960397544798295, 0.606541292631261, 0.6153907263244033, 0.19998433229022428, -0.7634365502081427, -0.6166513203177413, -6.938983403888346e-17, 0.9672788403511882, 0.24879960788939046, 0.011315129434822793, 0, 0, 0, 1], "fov": 51.67941044337229, "aspect": 1.7118226600985222}, {"camera_to_world": [0.8151536022650622, -0.14671319984455344, 0.560967124404614, 0.5747197564133328, 0.5792448573050024, 0.20646500671502632, -0.7894319068074449, -0.646227573227388, -9.714536861016778e-17, 0.9673920807994741, 0.2492250987592941, 0.011315129434822794, 0, 0, 0, 1], "fov": 51.67941044337229, "aspect": 1.7118226600985222}, {"camera_to_world": [0.84101706147412, -0.13675248134509024, 0.5238671214431516, 0.5411049197333704, 0.5410085972601881, 0.21258658474669254, -0.8143700290720812, -0.6738072463593378, -2.775571286884482e-17, 0.9675255566814233, 0.2497292430213247, 0.011315129434822796, 0, 0, 0, 1], "fov": 51.67941044337229, "aspect": 1.7118226600985222}, {"camera_to_world": [0.8657112212385523, -0.1262399268686767, 0.4846116660830075, 0.5057078790749441, 0.5005437857187465, 0.21833718523069584, -0.838155960060014, -0.699305055646484, -5.55112597048022e-17, 0.9676736817800349, 0.25029206881586913, 0.011315129434822796, 0, 0, 0, 1], "fov": 51.67941044337229, "aspect": 1.7118226600985222}, {"camera_to_world": [0.8891012418484412, -0.11516334913635796, 0.4430712782590667, 0.46853973092162593, 0.457710587318624, 0.22370440966287702, -0.8606644343432766, -0.7226357170217204, -4.163337493489952e-17, 0.9678293961815176, 0.25088757210839346, 0.011315129434822794, 0, 0, 0, 1], "fov": 51.67941044337229, "aspect": 1.7118226600985222}, {"camera_to_world": [0.9109395508789727, -0.10355417829727638, 0.39928201894818016, 0.42965552547206787, 0.41253985824937645, 0.22866056402419047, -0.8816645852310308, -0.7436674898486763, 0, 0.9679828916966017, 0.251478485151433, 0.011315129434822796, 0, 0, 0, 1], "fov": 51.67941044337229, "aspect": 1.7118226600985222}, {"camera_to_world": [0.9304108819317958, -0.09181068168766916, 0.3546894299324556, 0.3895090909009964, 0.3665181997976335, 0.2330625255906737, -0.9003834066017714, -0.7619285971418936, 2.7755609303077784e-17, 0.9681181012114906, 0.2520022408836453, 0.011315129434822796, 0, 0, 0, 1], "fov": 51.67941044337229, "aspect": 1.7118226600985222}, {"camera_to_world": [0.9473792968659797, -0.08004109355907739, 0.309743926552068, 0.3483144712970011, 0.3201132110202918, 0.23688267877071784, -0.9166912618511223, -0.7773536250835373, 4.163349350651963e-17, 0.968235518786765, 0.2524595619300327, 0.011315129434822794, 0, 0, 0, 1], "fov": 51.67941044337229, "aspect": 1.7118226600985222}, {"camera_to_world": [0.9618944372040019, -0.06825696842329157, 0.26453547940316413, 0.3061934564905537, 0.2734210885721812, 0.24012777715732278, -0.9306348950981631, -0.7899896274044976, 2.7755729439470605e-17, 0.9683385962044191, 0.2528629513443383, 0.011315129434822794, 0, 0, 0, 1], "fov": 51.67941044337229, "aspect": 1.7118226600985222}, {"camera_to_world": [0.9740049342877977, -0.05646966685793529, 0.21914381003663586, 0.26326783631212397, 0.22652679307981027, 0.24280454161481357, -0.9422600717218872, -0.7998836578356648, 2.775580538099243e-17, 0.9684302408001179, 0.2532231185363823, 0.011315129434822793, 0, 0, 0, 1], "fov": 51.67941044337229, "aspect": 1.7118226600985222}, {"camera_to_world": [0.9837569275342877, -0.044690388586281056, 0.1736399403289709, 0.2196594005921836, 0.17950573118510318, 0.24491964170557762, -0.9516102525947728, -0.8070827701079292, 4.1633830617516346e-17, 0.9685128487918057, 0.2535490056755575, 0.01131512943482279, 0, 0, 0, 1], "fov": 51.67941044337229, "aspect": 1.7118226600985222}, {"camera_to_world": [0.9911929663385018, -0.032930203677520815, 0.12808775726659058, 0.17548993916120353, 0.13242546386960977, 0.2464796823169252, -0.9587256133890261, -0.8116340179521808, 2.775597279874579e-17, 0.9685883376805156, 0.25384783763162283, 0.011315129434822789, 0, 0, 0, 1], "fov": 51.67941044337229, "aspect": 1.7118226600985222}, {"camera_to_world": [0.9963512546588612, -0.02120008175593202, 0.08254555106090192, 0.13088124184965472, 0.08534739210844701, 0.24749119492196764, -0.963642371890316, -0.8135844550993098, 3.816458467077615e-17, 0.9686581775681442, 0.25412518784579013, 0.011315129434822787, 0, 0, 0, 1], "fov": 51.67941044337229, "aspect": 1.7118226600985222}, {"camera_to_world": [0.9992651975011886, -0.009510919142158982, 0.03706749631890022, 0.08595509848800886, 0.03832838455910457, 0.24796063294427886, -0.9663923866361289, -0.8129811352802062, 3.8164710094018134e-17, 0.9687234212751047, 0.2543850541371781, 0.011315129434822786, 0, 0, 0, 1], "fov": 51.67941044337229, "aspect": 1.7118226600985222}, {"camera_to_world": [0.9999632110502311, 0.002126436120667003, -0.008294944681668952, 0.04083329890673565, -0.008577677197867561, 0.24789437073290924, -0.9670029925383284, -0.8098711122257606, 3.079208523826148e-17, 0.9687847331726278, 0.25462993994156646, 0.011315129434822782, 0, 0, 0, 1], "fov": 51.67941044337229, "aspect": 1.7118226600985222}, {"camera_to_world": [0.9984687620759468, 0.013701161378364104, -0.053491710577732776, -0.004362367063693251, -0.055318452242687034, 0.24729870569121898, -0.965497042606327, -0.8043014396668631, 3.4695424897725564e-17, 0.968842416670705, 0.25486093780315644, 0.011315129434822779, 0, 0, 0, 1], "fov": 51.67941044337229, "aspect": 1.7118226600985222}, {"camera_to_world": [0.9948006066936177, 0.025202438616238103, -0.09847293042188952, -0.04951010959280685, -0.1018418034110272, 0.24617986313936072, -0.9618931288090985, -0.7963191713344038, 3.81650964545759e-17, 0.9688964403239801, 0.2550778130766547, 0.011315129434822777, 0, 0, 0, 1], "fov": 51.67941044337229, "aspect": 1.7118226600985222}, {"camera_to_world": [0.9889732030128725, 0.03661943583287947, -0.14318782000241206, -0.09448813885013353, -0.1480945769515541, 0.2445440035256277, -0.956205959024012, -0.7859713609592732, 1.387826284839914e-17, 0.9689464625349222, 0.2552790867461072, 0.011315129434822773, 0, 0, 0, 1], "fov": 51.67941044337229, "aspect": 1.7118226600985222}, {"camera_to_world": [0.9809972762696153, 0.047941290506986416, -0.18758368916247728, -0.1391746650052035, -0.1940215038380952, 0.24239723163598068, -0.948446870582729, -0.7733050622723608, 4.1634919918550875e-17, 0.9689918548469525, 0.2554621170389517, 0.01131512943482277, 0, 0, 0, 1], "fov": 51.67941044337229, "aspect": 1.7118226600985222}, {"camera_to_world": [0.9708805184268923, 0.05915709511514364, -0.23160506368392877, -0.1834478982275452, -0.239564227169102, 0.2397456074837008, -0.9386244639147351, -0.7583673290045576, 2.7756693496776633e-17, 0.9690317238304477, 0.2556231801240638, 0.011315129434822768, 0, 0, 0, 1], "fov": 51.67941044337229, "aspect": 1.7118226600985222}, {"camera_to_world": [0.9586284067859014, 0.07025588464885374, -0.27519292549594804, -0.22718604868668757, -0.2846604603788948, 0.23659515859216992, -0.9267453420675035, -0.7412052148867534, 0, 0.9690649315721587, 0.25575755064742034, 0.011315129434822766, 0, 0, 0, 1], "fov": 51.67941044337229, "aspect": 1.7118226600985222}, {"camera_to_world": [0.9442451277718054, 0.08122662607136678, -0.3182840757002719, -0.270267326552159, -0.3292432819044402, 0.23295189341324574, -0.9128149433723679, -0.7218657736498387, 0, 0.9690901147840928, 0.25585958319305563, 0.011315129434822763, 0, 0, 0, 1], "fov": 51.67941044337229, "aspect": 1.7118226600985222}, {"camera_to_world": [0.9277345927135953, 0.09205820964874696, -0.36081062592165297, -0.31256994199349036, -0.373240573199833, 0.22882181565158202, -0.8968384551990926, -0.7003960590247029, -2.7756850542278567e-17, 0.9691057025516777, 0.2559227959720088, 0.01131512943482276, 0, 0, 0, 1], "fov": 51.67941044337229, "aspect": 1.7118226600985222}, {"camera_to_world": [0.9091015321333756, 0.10273944208493713, -0.4026996245644024, -0.35397210518020816, -0.41657460829093884, 0.22421093929160685, -0.8788217966116408, -0.6768431247422373, 2.7756859845522064e-17, 0.9691099327434692, 0.25593995814639214, 0.011315129434822758, 0, 0, 0, 1], "fov": 51.67941044337229, "aspect": 1.7118226600985222}, {"camera_to_world": [0.8883526538515091, 0.11325904138719607, -0.4438728254692088, -0.39435202628184335, -0.45916180415511587, 0.21912530414878256, -0.8587726568495886, -0.6512540245333315, -2.775683995084627e-17, 0.9691008671060805, 0.25590318219490776, 0.011315129434822754, 0, 0, 0, 1], "fov": 51.67941044337229, "aspect": 1.7118226600985222}, {"camera_to_world": [0.8654978481966613, 0.1236056333860408, -0.48424660702004424, -0.43358791546792363, -0.5009126418517991, 0.2135709917903312, -0.8367015749951516, -0.6236758121288756, -2.775678707072972e-17, 0.9690764050687283, 0.25580402262319374, 0.011315129434822753, 0, 0, 0, 1], "fov": 51.67941044337229, "aspect": 1.7118226600985222}, {"camera_to_world": [0.8405514209263225, 0.13376774983269288, -0.5237320497665058, -0.4715579829079797, -0.5417317682938116, 0.20755414169287736, -0.812623044061787, -0.5941555412597597, -4.163504816800649e-17, 0.9690342962820413, 0.25563358211927, 0.01131512943482275, 0, 0, 0, 1], "fov": 51.67941044337229, "aspect": 1.7118226600985222}, {"camera_to_world": [0.8135333313055448, 0.14373382799690035, -0.5622351799403389, -0.5081404387715382, -0.5815182876358252, 0.2010809675255564, -0.7865566202115392, -0.562740265656875, 0, 0.9689721519158039, 0.2553826259534023, 0.011315129434822747, 0, 0, 0, 1], "fov": 51.67941044337229, "aspect": 1.7118226600985222}, {"camera_to_world": [0.7844704094024754, 0.15349221168891106, -0.5996573847229077, -0.5432134932281301, -0.6201662493008732, 0.19415777346708618, -0.7585280150687086, -0.5294770390511105, -6.939104446170436e-17, 0.9688874547403069, 0.25504170502725104, 0.011315129434822746, 0, 0, 0, 1], "fov": 51.67941044337229, "aspect": 1.7118226600985222}, {"camera_to_world": [0.7533975233318062, 0.1630311536312532, -0.6358960026685434, -0.5766553564472836, -0.6575653365540951, 0.18679097048420662, -0.7285701463791562, -0.494412915173357, 2.7756234606042057e-17, 0.9687775680161215, 0.25460128749718214, 0.011315129434822744, 0, 0, 0, 1], "fov": 51.67941044337229, "aspect": 1.7118226600985222}, {"camera_to_world": [0.7203586642474189, 0.17233881910888987, -0.6708450892649491, -0.6083442385985275, -0.6936017552195745, 0.1789870925167375, -0.6967241198327944, -0.45759494775450493, 1.38780186285771e-17, 0.9686397432175484, 0.2540518983442567, 0.011315129434822742, 0, 0, 0, 1], "fov": 51.67941044337229, "aspect": 1.7118226600985222}, {"camera_to_world": [0.6854079147181227, 0.1814032908302329, -0.7043963532392532, -0.6381583498513919, -0.7281593166620577, 0.17075281253135385, -0.6630401130098237, -0.41907019052544303, -2.775584424032829e-17, 0.9684711266158607, 0.2533842656582326, 0.01131512943482274, 0, 0, 0, 1], "fov": 51.67941044337229, "aspect": 1.7118226600985222}, {"camera_to_world": [0.6486102650870319, 0.19021257493647833, -0.7364402539977064, -0.665975900375404, -0.7611207026639929, 0.16209495842199054, -0.627578131424293, -0.3788856972170642, 0, 0.9682687647498538, 0.25258947177146207, 0.01131512943482274, 0, 0, 0, 1], "fov": 51.67941044337229, "aspect": 1.7118226600985222}, {"camera_to_world": [0.6100422428640807, 0.19875460810277548, -0.7668672447050756, -0.6916751003400943, -0.7923688925755237, 0.15302052874953292, -0.5904086068021559, -0.3370885215602558, -4.1633378478752754e-17, 0.9680296088132457, 0.2516591067543213, 0.01131512943482274, 0, 0, 0, 1], "fov": 51.67941044337229, "aspect": 1.7118226600985222}, {"camera_to_world": [0.5700600021082914, 0.2069657155276752, -0.7953881692686575, -0.7148299395874507, -0.8216030635266002, 0.14360082315616976, -0.5518710939367392, -0.293976471659483, 2.7755601173523704e-17, 0.9677520323848398, 0.2505912126642112, 0.01131512943482274, 0, 0, 0, 1], "fov": 51.67941044337229, "aspect": 1.7118226600985222}, {"camera_to_world": [0.529893589775965, 0.21462822394783612, -0.821260150265578, -0.7342010079996897, -0.8480641387974978, 0.13410556448739938, -0.5131457271394997, -0.2506140433447066, 2.7755773436005666e-17, 0.967445307528293, 0.2494257971907363, 0.01131512943482274, 0, 0, 0, 1], "fov": 51.67941044337229, "aspect": 1.7118226600985222}, {"camera_to_world": [0.48981024157870584, 0.22172183718553976, -0.8445465806908974, -0.7498348573227095, -0.8718290699699166, 0.12456756762982352, -0.4744824174387216, -0.20712908359643684, 1.3878064260336014e-17, 0.9671206481147314, 0.2482085989340824, 0.011315129434822742, 0, 0, 0, 1], "fov": 51.67941044337229, "aspect": 1.7118226600985222}, {"camera_to_world": [0.4499212302316183, 0.22824975309745132, -0.8654017639522955, -0.7619215647919638, -0.8930682429617947, 0.1149905514197773, -0.43598306103768397, -0.16353715319490797, 0, 0.9667880963764127, 0.2469788603027934, 0.011315129434822744, 0, 0, 0, 1], "fov": 51.67941044337229, "aspect": 1.7118226600985222}, {"camera_to_world": [0.41030274131041744, 0.23421526465244005, -0.8839781009406605, -0.7706512076429052, -0.911949373854249, 0.10537774124180711, -0.3977179528523891, -0.1198538129203564, 0, 0.9664567975106607, 0.24577051701993943, 0.011315129434822744, 0, 0, 0, 1], "fov": 51.67941044337229, "aspect": 1.7118226600985222}, {"camera_to_world": [0.3710005583467889, 0.23962167835640363, -0.9004216338287088, -0.7762138631109867, -0.9286326430329547, 0.09573190984528594, -0.3597299011662291, -0.07609462355301863, 0, 0.9661350074906893, 0.24461250896095546, 0.011315129434822747, 0, 0, 0, 1], "fov": 51.67941044337229, "aspect": 1.7118226600985222}, {"camera_to_world": [0.3320346426675791, 0.24447224137340084, -0.9148687834158732, -0.7787996084316613, -0.9432671922995165, 0.0860554188349045, -0.3220382645225686, -0.03227514587312879, -1.3879601422477042e-17, 0.9658301031170105, 0.24352918780805805, 0.011315129434822747, 0, 0, 0, 1], "fov": 51.67941044337229, "aspect": 1.7118226600985222}, {"camera_to_world": [0.2934034069663157, 0.24877007709582558, -0.9274440619125414, -0.778598520840382, -0.9559887241911165, 0.07635026054616564, -0.28464273756582337, 0.011589059339075026, -1.388010402916098e-17, 0.9655485935240492, 0.2425407676540167, 0.011315129434822751, 0, 0, 0, 1], "fov": 51.67941044337229, "aspect": 1.7118226600985222}, {"camera_to_world": [0.2550875745208547, 0.25251812888083786, -0.9382585496703039, -0.7758006775726014, -0.966917953771191, 0.06661810008546012, -0.24752679043281997, 0.05548243130335861, -1.388060320083143e-17, 0.9652961324523808, 0.24166377880974405, 0.011315129434822753, 0, 0, 0, 1], "fov": 51.67941044337229, "aspect": 1.7118226600985222}, {"camera_to_world": [0.21705358451534945, 0.25571911165333927, -0.947408945376486, -0.7705961558637728, -0.9761596905471143, 0.056860317375253454, -0.2106607244564849, 0.09938940923948496, -4.8583750829509597e-17, 0.9650775306902614, 0.2409114970110047, 0.011315129434822756, 0, 0, 0, 1], "fov": 51.67941044337229, "aspect": 1.7118226600985222}, {"camera_to_world": [0.17925655147931713, 0.25837547107459413, -0.9549770269697493, -0.763175032949349, -0.9838023626479776, 0.04707804909820929, -0.17400434792188188, 0.14329443236721984, -1.3881484001838918e-17, 0.964896768177865, 0.2402943296549041, 0.011315129434822758, 0, 0, 0, 1], "fov": 51.67941044337229, "aspect": 1.7118226600985222}, {"camera_to_world": [0.14164281785502114, 0.2604893499874307, -0.9610293899611718, -0.7537273860647831, -0.9899178310092658, 0.03727223047980142, -0.13750930286487406, 0.18718193990632528, -3.4704545200897786e-17, 0.9647570053532581, 0.23982014772840582, 0.011315129434822761, 0, 0, 0, 1], "fov": 51.67941044337229, "aspect": 1.7118226600985222}, {"camera_to_world": [0.10415215754171396, 0.262062561871358, -0.9656173580251879, -0.742443292445528, -0.9945613747172197, 0.027443636887237163, -0.10112109091975148, 0.23103637107656697, -5.2057710786532e-17, 0.9646605934005088, 0.23949455703972722, 0.011315129434822763, 0, 0, 0, 1], "fov": 51.67941044337229, "aspect": 1.7118226600985222}, {"camera_to_world": [0.06671969875405705, 0.2630965710716266, -0.9687769862481563, -0.7295128293270365, -0.9977717583687, 0.017592925253590627, -0.06478085608277517, 0.2748421650977086, -6.594038342339746e-17, 0.9646090831375028, 0.23932110563241699, 0.011315129434822765, 0, 0, 0, 1], "fov": 51.67941044337229, "aspect": 1.7118226600985222}, {"camera_to_world": [0.02927763970108824, 0.26359247960321236, -0.9705290999117931, -0.7151260739447618, -0.9995713180226479, 0.007720675360119128, -0.028426987443826546, 0.31858376118951354, -4.59847902693091e-17, 0.9646032323544295, 0.23930142625833434, 0.01131512943482277, 0, 0, 0, 1], "fov": 51.67941044337229, "aspect": 1.7118226600985222}, {"camera_to_world": [-0.008243167322117663, 0.263551020372039, -0.9708793314161526, -0.6994731035341559, -0.9999660245190831, -0.0021725689729173154, 0.008003392697564922, 0.36224559857174776, -7.93882611275377e-17, 0.964643011483997, 0.23943531388300499, 0.011315129434822772, 0, 0, 0, 1], "fov": 51.67941044337229, "aspect": 1.7118226600985222}, {"camera_to_world": [-0.045911687317277315, 0.2629725566997733, -0.969818135563738, -0.6827439953306735, -0.9989455025013528, -0.012086258725819416, 0.04457298910014051, 0.40581211646417314, -6.767421389395632e-17, 0.9647276075518918, 0.2397207387239452, 0.011315129434822775, 0, 0, 0, 1], "fov": 51.67941044337229, "aspect": 1.7118226600985222}, {"camera_to_world": [-0.08379515347838906, 0.26185708808365027, -0.9673207797835589, -0.665128826569766, -0.9964830014874982, -0.022019798483886986, 0.08134287597861771, 0.4492677540865554, -4.858553505288839e-17, 0.964855426421534, 0.24015379556953712, 0.011315129434822777, 0, 0, 0, 1], "fov": 51.67941044337229, "aspect": 1.7118226600985222}, {"camera_to_world": [-0.12195742211790185, 0.2602042621675013, -0.9633473219033264, -0.6468176744868874, -0.9925353329682304, -0.03197250514310404, 0.11837095575445356, 0.49259695065865766, -7.634655174118777e-17, 0.9650240934115273, 0.2407285903574109, 0.01131512943482278, 0, 0, 0, 1], "fov": 51.67941044337229, "aspect": 1.7118226600985222}, {"camera_to_world": [-0.16045715712096975, 0.25801339294301934, -0.9578426047071741, -0.6280006163174896, -0.987042805925182, -0.04194356646160568, 0.15571026950203803, 0.5357841454002457, -6.940370224590897e-17, 0.9652304524280779, 0.24143706546298763, 0.011315129434822782, 0, 0, 0, 1], "fov": 51.67941044337229, "aspect": 1.7118226600985222}, {"camera_to_world": [-0.19934577159201786, 0.2552834852398442, -0.9507363145894296, -0.6088677292970264, -0.9799292134375742, -0.051931999415872315, 0.1934070967713372, 0.5788137775310814, -8.328152081829833e-17, 0.965470563818736, 0.24226876612430237, 0.011315129434822786, 0, 0, 0, 1], "fov": 51.67941044337229, "aspect": 1.7118226600985222}, {"camera_to_world": [-0.23866505895903153, 0.2520132655978176, -0.941943171793369, -0.5896090906609504, -0.9711019460551409, -0.06193660834137188, 0.2314987870690113, 0.6216702862709305, -9.021841753336278e-17, 0.965739701218652, 0.24321055219176785, 0.011315129434822787, 0, 0, 0, 1], "fov": 51.67941044337229, "aspect": 1.7118226600985222}, {"camera_to_world": [-0.27844445470391216, 0.24820121964318867, -0.9313633423413737, -0.5704147776447146, -0.9604523338743266, -0.07195594286455931, 0.27001127369157923, 0.6643381108395567, -8.327565720648298e-17, 0.9660323477265685, 0.24424626224807666, 0.011315129434822789, 0, 0, 0, 1], "fov": 51.67941044337229, "aspect": 1.7118226600985222}, {"camera_to_world": [-0.3186978856327266, 0.2438456361110411, -0.9188831866120832, -0.5514748674837721, -0.9478563486590306, -0.08198825566690551, 0.3089562349094712, 0.7068016904567235, -6.939418706991746e-17, 0.9663421918152492, 0.24535634141425222, 0.01131512943482279, 0, 0, 0, 1], "fov": 51.67941044337229, "aspect": 1.7118226600985222}, {"camera_to_world": [-0.35942018939023984, 0.23894465766703055, -0.9043764855522036, -0.5329794374135752, -0.9331758288011345, -0.09203146016201856, 0.3483278902914264, 0.7490454643421969, -1.2490615465942355e-16, 0.966662123449984, 0.24651745014373463, 0.011315129434822793, 0, 0, 0, 1], "fov": 51.67941044337229, "aspect": 1.7118226600985222}, {"camera_to_world": [-0.40058312646630095, 0.23349633868084443, -0.8877063104461482, -0.5151185646695777, -0.9162604208359563, -0.10208308821401456, 0.3880994541900529, 0.7910538717157383, -8.326898867767372e-17, 0.9669842309589801, 0.24770207922314627, 0.011315129434822794, 0, 0, 0, 1], "fov": 51.67941044337229, "aspect": 1.7118226600985222}, {"camera_to_world": [-0.44213106402784097, 0.22749871008969705, -0.8687277220470139, -0.49808232648723216, -0.8969504569493284, -0.11214024807905468, 0.42821931704621147, 0.8328113517971139, -6.938977725066833e-17, 0.9672997992702637, 0.24887820606771152, 0.011315129434822796, 0, 0, 0, 1], "fov": 51.67941044337229, "aspect": 1.7118226600985222}, {"camera_to_world": [-0.4839764885806028, 0.2209498514606747, -0.8472914936384681, -0.4820608001019917, -0.8750810011085771, -0.1221995828121917, 0.46860709051604693, 0.8743023438060868, -6.938916711555052e-17, 0.9675993102002669, 0.25000903888855475, 0.011315129434822796, 0, 0, 0, 1], "fov": 51.67941044337229, "aspect": 1.7118226600985222}, {"camera_to_world": [-0.5259956036268821, 0.21384797031380112, -0.823249041868114, -0.46724406274930874, -0.850487286774583, -0.1322572294480452, 0.5091497350358889, 0.9155112869624225, -2.7755577854748637e-17, 0.9678724455481698, 0.2510529075237255, 0.011315129434822796, 0, 0, 0, 1], "fov": 51.67941044337229, "aspect": 1.7118226600985222}, {"camera_to_world": [-0.56745753238167, 0.20627428342477305, -0.7968330729908646, -0.4539951168759948, -0.8234026651300723, -0.14215632378057505, 0.5491467886469256, 0.9557240544665568, -6.93890187779856e-17, 0.9681128547885254, 0.2519818610668319, 0.011315129434822796, 0, 0, 