{"keyframes": [], "render_height": 1080, "render_width": 1920, "camera_path": [{"camera_to_world": [0.2322525729017402, -0.06843851549767734, 0.9702447691057119, 0.4879598492646596, 0.9726555106411118, 0.016341881720727734, -0.23167693135334796, -0.01279551097040936, 9.714451465470117e-17, 0.9975214847301788, 0.07036254331460795, -0.25871700655389274, 0, 0, 0, 1], "fov": 75, "aspect": 1}, {"camera_to_world": [0.2658328349488149, -0.0664173445164314, 0.9616010805762563, 0.4739385273917852, 0.9640188571533825, 0.017549574284288598, -0.2652202663760261, -0.02652136938058183, 0.0007395375328884599, 0.9976375838899744, 0.07058025317329197, -0.2589720753000331, 0, 0, 0, 1], "fov": 75, "aspect": 1}, {"camera_to_world": [0.30105581082104776, -0.06441562725991824, 0.9511991473200382, 0.4600518645537065, 0.9536051894644093, 0.018668220597882628, -0.3004140895042151, -0.04079222949909149, 0.0015941760974169284, 0.997748527688425, 0.07050926864594127, -0.2592770446653996, 0, 0, 0, 1], "fov": 75, "aspect": 1}, {"camera_to_world": [0.33763004357936244, -0.06243064601649945, 0.9388993037541915, 0.44628062374545274, 0.9412754900720101, 0.019710478080270946, -0.3369663530906339, -0.05553023393903304, 0.002530901478795954, 0.9978546544922311, 0.07015535827499467, -0.259624785990103, 0, 0, 0, 1], "fov": 75, "aspect": 1}, {"camera_to_world": [0.3752257138723595, -0.060459654992997824, 0.9245975210152412, 0.4326055679620531, 0.9269268047908096, 0.020689022808353958, -0.3745465416943066, -0.07065752531350115, 0.0035159933559161284, 0.9979562086852124, 0.06952921858690725, -0.2600081706142537, 0, 0, 0, 1], "fov": 75, "aspect": 1}, {"camera_to_world": [0.4134827568816288, -0.0584998826345668, 0.9082339291309491, 0.4190074601985366, 0.9105007518383322, 0.02161654538895462, -0.4127937852158921, -0.08609624623559052, 0.004515602218955783, 0.998053349624753, 0.0686470746827149, -0.26042006987796223, 0, 0, 0, 1], "fov": 75, "aspect": 1}, {"camera_to_world": [0.4520219719398864, -0.05654853359710574, 0.8897992077403876, 0.40546706344993255, 0.8919898686061571, 0.022505747535002663, -0.4513279677360111, -0.10176853931839583, 0.00549647046268046, 0.9981461589746802, 0.06753099617109774, -0.2608533551213392, 0, 0, 0, 1], "fov": 75, "aspect": 1}, {"camera_to_world": [0.49045840788521505, -0.05460279040217859, 0.8693379512247356, 0.39196514071127014, 0.8714409028060767, 0.023369339290440504, -0.48976311941598666, -0.11759654717501176, 0.006426744994951072, 0.998234646394035, 0.066208862097921, -0.26130089768449516, 0, 0, 0, 1], "fov": 75, "aspect": 1}, {"camera_to_world": [0.528415924205489, -0.0526598148035464, 0.8469484056332605, 0.3784824549775786, 0.8489544505281232, 0.024220036854581017, -0.5277219942543953, -0.13350241241853303, 0.007276810740369392, 0.998318753565022, 0.0647139473022769, -0.2617555689075406, 0, 0, 0, 1], "fov": 75, "aspect": 1}, {"camera_to_world": [0.565541591387564, -0.050716748893818706, 0.8227784060075085, 0.36499976924388705, 0.824680778814035, 0.025070560961456417, -0.564850497478711, -0.1494082776620543, 0.008020066427305149, 0.9983983565464837, 0.06308415098736214, -0.2622102401305859, 0, 0, 0, 1], "fov": 75, "aspect": 1}, {"camera_to_world": [0.6015185684243992, -0.048770715979394225, 0.7970178339648087, 0.3514978465052247, 0.7988121639860586, 0.025933635772858246, -0.6008305982280112, -0.16523628551867023, 0.008633568704285046, 0.9984732664415498, 0.06136093688182129, -0.26265778269374185, 0, 0, 0, 1], "fov": 75, "aspect": 1}, {"camera_to_world": [0.6360762959493202, -0.04681882125183069, 0.7698883643872951, 0.3379574497566207, 0.7715725262442493, 0.026821988245246446, -0.6353905614350542, -0.1809085786014755, 0.009098487591901133, 0.9985432283697893, 0.05958809294063749, -0.26309106793711884, 0, 0, 0, 1], "fov": 75, "aspect": 1}, {"camera_to_world": [0.6689972274161133, -0.04485815228408247, 0.7416315824362675, 0.32435934199310423, 0.7432054515933895, 0.027748347930468913, -0.6683117154927863, -0.19634729952356486, 0.009400342090532603, 0.99860791873527, 0.057810439093356494, -0.2635029672008274, 0, 0, 0, 1], "fov": 75, "aspect": 1}, {"camera_to_world": [0.7001198012841574, -0.04288577938069732, 0.712496670249797, 0.3106842862097045, 0.7139618069222473, 0.028725447168257427, -0.6994314528276142, -0.211474590898033, 0.009529013912861548, 0.9986669407825082, 0.05607261076858173, -0.26388635182497816, 0, 0, 0, 1], "fov": 75, "aspect": 1}, {"camera_to_world": [0.7293378311754366, -0.04089875581209432, 0.6827287806793161, 0.2969130454014507, 0.6840880680456021, 0.02976602162472647, -0.7286426356515034, -0.22621259533797453, 0.009478563917918882, 0.9987198184324065, 0.05441802590102639, -0.2642340931496815, 0, 0, 0, 1], "fov": 75, "aspect": 1}, {"camera_to_world": [0.7565968699617818, -0.03889411796447487, 0.6525589752460603, 0.28302638256337204, 0.6538162366373174, 0.030882811125575022, -0.755889959996193, -0.24048345545648425, 0.009246895341148456, 0.998765988390047, 0.05288811022115864, -0.2645390625150481, 0, 0, 0, 1], "fov": 75, "aspect": 1}, {"camera_to_world": [0.7818883355785177, -0.03686888543876967, 0.6221962760456015, 0.2690050606904977, 0.6233558917982883, 0.03208856072535142, -0.7811640649286222, -0.2542093138666567, 0.008835318138916285, 0.9988047905156833, 0.051521818088816666, -0.26479413126118834, 0, 0, 0, 1], "fov": 75, "aspect": 1}, {"camera_to_world": [0.8052422614647607, -0.0348200611343181, 0.5918220419830961, 0.25482984277785675, 0.5928885811797777, 0.033396021944959435, -0.8044942505193821, -0.26731231318158666, 0.00824806994079672, 0.9988354564495866, 0.05035545158387657, -0.2649921707282129, 0, 0, 0, 1], "fov": 75, "aspect": 1}, {"camera_to_world": [0.826719477946167, -0.032744631355732606, 0.5615865882567992, 0.24048149182047854, 0.5625644648115217, 0.03481795409852673, -0.8259406124243613, -0.27971459601436877, 0.007491843280733042, 0.9988570964806578, 0.04942275425509312, -0.2651260522562322, 0, 0, 0, 1], "fov": 75, "aspect": 1}, {"camera_to_world": [0.8464038866743505, -0.03063956598464211, 0.531607758420876, 0.2259407708133922, 0.5325009157537784, 0.03636712561778839, -0.8455862568342906, -0.29133830497809776, 0.006575358845017085, 0.9988686846480735, 0.048755240125597475, -0.2651886471853569, 0, 0, 0, 1], "fov": 75, "aspect": 1}, {"camera_to_world": [0.8643953055885185, -0.028501818761751507, 0.5019710388637394, 0.21118844275162682, 0.5027826632347803, 0.03805631526721687, -0.8635300743048728, -0.30210558268586835, 0.0055090132576976715, 0.9988690420648518, 0.04838271295699793, -0.26517282685569743, 0, 0, 0, 1], "fov": 75, "aspect": 1}, {"camera_to_world": [0.8808031757238806, -0.026328327728921373, 0.47273076525629265, 0.19620527063021173, 0.4734630248336908, 0.039898313126211685, -0.8798803637191472, -0.3119385717507751, 0.004304619618352623, 0.9988568184523151, 0.04833393343874352, -0.2650714626073643, 0, 0, 0, 1], "fov": 75, "aspect": 1}, {"camera_to_world": [0.895741259137082, -0.024116015885776255, 0.44391198845516866, 0.18097201744417604, 0.44456579328728385, 0.04190592119570518, -0.8947494340855198, -0.32075941478591286, 0.0029752509747852187, 0.998830471875251, 0.04863740031519209, -0.26487742578046813, 0, 0, 0, 1], "fov": 75, "aspect": 1}, {"camera_to_world": [0.9093233314034784, -0.02186179212070403, 0.4155126202339197, 0.1654694461885489, 0.41608739725152155, 0.04409195346550039, -0.9082491842769592, -0.3284902544043762, 0.0015351917581797794, 0.9987882466693664, 0.04932222304986557, -0.26458358771511936, 0, 0, 0, 1], "fov": 75, "aspect": 1}, {"camera_to_world": [0.9216597842003018, -0.019562552482021184, 0.3875055467064199, 0.14967831985835958, 0.3879990234367261, 0.04646923525550306, -0.9204875707943676, -0.3350532332192597, 4.8572257327350586e-17, 0.9987281495558022, 0.05041907659649393, -0.26418281975142865, 0, 0, 0, 1], "fov": 75, "aspect": 1}, {"camera_to_world": [0.9328586161654233, -0.017216172856222244, 0.3598311565417092, 0.13358581378362747, 0.3602390998651317, 0.04904634673118675, -0.9315699956141251, -0.3403964463059601, -0.001610333596281837, 0.9986481158368593, 0.051950765666684266, -0.2636703694494696, 0, 0, 0, 1], "fov": 75, "aspect": 1}, {"camera_to_world": [0.9430282957129188, -0.014824496929604405, 0.33238053149897956, 0.11720475263433323, 0.3326965335389796, 0.05181484574819791, -0.9416038675589892, -0.34457179858908077, -0.0032634423442735026, 0.9985466719442184, 0.05390119551929862, -0.2630509892491685, 0, 0, 0, 1], "fov": 75, "aspect": 1}, {"camera_to_world": [0.952257216242701, -0.012390387791523435, 0.3050414236688105, 0.1005543734154475, 0.30525716086540117, 0.05476201076391716, -0.9506766729351216, -0.347657147455527, -0.004925429331155961, 0.9984225560690564, 0.05624582991754182, -0.2623318078104148, 0, 0, 0, 1], "fov": 75, "aspect": 1}, {"camera_to_world": [0.9606117424103031, -0.009916741653266007, 0.27771089183486913, 0.08365391313194116, 0.2778164796164039, 0.057875087952000366, -0.958853597418579, -0.34973035029220423, -0.006563840110010119, 0.9982745776736632, 0.05896133710942582, -0.2615199537930981, 0, 0, 0, 1], "fov": 75, "aspect": 1}, {"camera_to_world": [0.9681390831219662, -0.00740648872931881, 0.25029615818069245, 0.06652260878878515, 0.2502805129152553, 0.06114128708061594, -0.9661804955724942, -0.35086926448601763, -0.008147428222188778, 0.998101641587082, 0.062024859332975774, -0.26062255585710775, 0, 0, 0, 1], "fov": 75, "aspect": 1}, {"camera_to_world": [0.9748697368397807, -0.0048625935195763855, 0.22271551906971923, 0.04917969739095008, 0.22256673254688766, 0.06454777878847841, -0.9726864334099349, -0.3511517474238726, -0.00964602287673769, 0.9979027705331502, 0.06541330006784386, -0.2596467426623333, 0, 0, 0, 1], "fov": 75, "aspect": 1}, {"camera_to_world": [0.9808196487165786, -0.0022880545094478874, 0.19489936958753337, 0.031644415943406876, 0.1946050996196409, 0.06808169325388312, -0.9783859472241107, -0.35065565649267444, -0.011030498334944544, 0.9976771260534372, 0.06910263387716521, -0.2585996428686641, 0, 0, 0, 1], "fov": 75, "aspect": 1}, {"camera_to_world": [0.9859922071963961, 0.0003140966895293529, 0.16679136638769781, 0.01393600145112643, 0.16633924555501067, 0.07173012022944575, -0.9832811487685863, -0.34945884907932845, -0.012272845479720547, 0.9974240277811333, 0.07306724693632531, -0.2574883851359897, 0, 0, 0, 1], "fov": 75, "aspect": 1}, {"camera_to_world": [0.9903801958537007, 0.002940796730390744, 0.1383497218846376, -0.00392630908092064, 0.13772778479843842, 0.07548011039387949, -0.9873637936446512, -0.34763918257074, -0.013346346140435207, 0.9971429710174556, 0.07727932099912542, -0.2563200981241996, 0, 0, 0, 1], "fov": 75, "aspect": 1}, {"camera_to_world": [0.9939678030626576, 0.005588952419148186, 0.10954859268618791, -0.021923278647763413, 0.10874572026804472, 0.07931867795201152, -0.9906174150385385, -0.3452745143538143, -0.014225849646957523, 0.9968336425596809, 0.08170827903486652, -0.2551019104931832, 0, 0, 0, 1], "fov": 75, "aspect": 1}, {"camera_to_world": [0.99673277576387, 0.008255443062059949, 0.08037949542469089, -0.04003567024443094, 0.07938587249446191, 0.08323280439547033, -0.9930196068988023, -0.3424427018154567, -0.014888148519673516, 0.9964959347294471, 0.08632031643721172, -0.25384095090283004, 0, 0, 0, 1], "fov": 75, "aspect": 1}, {"camera_to_world": [0.9986487821773122, 0.010937123227985927, 0.05085265426711361, -0.058244246865952684, 0.04966023412983447, 0.08720944331922167, -0.9945445173303666, -0.33922160234257254, -0.015312445981656606, 0.9961299575514467, 0.09107804676263773, -0.2525443480130295, 0, 0, 0, 1], "fov": 75, "aspect": 1}, {"camera_to_world": [0.9996880201212935, 0.013630825877463263, 0.020998158174371326, -0.07652977150735767, 0.019601124882132778, 0.09123552617355489, -0.9951655828339719, -0.33568907332206716, -0.015480902083638108, 0.9957360490359546, 0.09594029443359489, -0.25121923048367106, 0, 0, 0, 1], "fov": 75, "aspect": 1}, {"camera_to_world": [0.9998240717358988, 0.016333365805989306, -0.009133214461213249, -0.094873007163675, -0.010737998862895127, 0.09529796881739064, -0.994858496322613, -0.3319229721408458, -0.015379237883222978, 0.9953147835236484, 0.10086206763850868, -0.24987272697464427, 0, 0, 0, 1], "fov": 75, "aspect": 1}, {"camera_to_world": [0.99903496230033, 0.01904154334536142, -0.03946965674876736, -0.11325471682993407, -0.0412822362392546, 0.0993836787270611, -0.9936043572925644, -0.3280011561858139, -0.014997368858061404, 0.9948669780577216, 0.10579474167162044, -0.2485119661458385, 0, 0, 0, 1], "fov": 75, "aspect": 1}, {"camera_to_world": [0.9973063327415388, 0.021752148263864252, -0.06991862897435837, -0.13165566350116395, -0.07193558855337448, 0.10347956270515418, -0.9913929037026654, -0.32400148284387653, -0.014330030464119825, 0.9943936967560971, 0.11068647528195841, -0.24714407665714327, 0, 0, 0, 1], "fov": 75, "aspect": 1}, {"camera_to_world": [0.9946345867623929, 0.02446196380367712, -0.10036791611556983, -0.15005661017239372, -0.10258209042962915, 0.10757253492675563, -0.9882256767512613, -0.3200018095019393, -0.013377351721893428, 0.9938962531654396, 0.11548286982981205, -0.24577618716844807, 0, 0, 0, 1], "fov": 75, "aspect": 1}, {"camera_to_world": [0.9910298307013699, 0.027167770792144788, -0.13068753171130773, -0.16843831983865276, -0.133087811832202, 0.11164952515556738, -0.9841189285119927, -0.31607999354690736, -0.012145328391213652, 0.9933762105882755, 0.12012786354386389, -0.2444154263396423, 0, 0, 0, 1], "fov": 75, "aspect": 1}, {"camera_to_world": [0.9865183950131237, 0.02986635176255472, -0.16073249028418635, -0.18678155549497016, -0.16330375333116245, 0.11569748696001868, -0.9791060561170021, -0.312313892365686, -0.010646147128684662, 0.9928353803846496, 0.12456483228445335, -0.24306892283061549, 0, 0, 0, 1], "fov": 75, "aspect": 1}, {"camera_to_world": [0.9811447183201663, 0.03255449501981755, -0.1903463930874662, -0.2050670801363751, -0.1930695772640347, 0.11970340575965902, -0.973239342383435, -0.30878136334518064, -0.008898317117789573, 0.9922758182599952, 0.1287378463220924, -0.24174380530125708, 0, 0, 0, 1], "fov": 75, "aspect": 1}, {"camera_to_world": [0.9749723941274303, 0.035228998586965356, -0.21936568805980272, -0.2232756567578968, -0.22221803083533606, 0.12365430653484573, -0.9665908068218699, -0.30556026387229646, -0.006926576433713868, 0.9916998185610131, 0.13259301289847794, -0.24044720241145656, 0, 0, 0, 1], "fov": 75, "aspect": 1}, {"camera_to_world": [0.9680842285144553, 0.03788667396966147, -0.24762438625740765, -0.2413880483545645, -0.2505798357473884, 0.1275372610379894, -0.9592520241675689, -0.3027284513339389, -0.004761556298497917, 0.9911099066109895, 0.1360798201830976, -0.23918624282110335, 0, 0, 0, 1], "fov": 75, "aspect": 1}, {"camera_to_world": [0.9605812312638287, 0.04052434967794009, -0.2749589565198984, -0.25938501792140717, -0.2779887559215024, 0.13133939435234304, -0.9513328459850138, -0.3003637831170133, -0.002439205789255599, 0.9905088291248794, 0.1391523926475679, -0.23796805519008699, 0, 0, 0, 1], "fov": 75, "aspect": 1}], "fps": 24, "seconds": 2}