{
  "keyframes": [],
  "render_height": 1080,
  "render_width": 1920,
  "camera_path": [
    {
      "camera_to_world": [
        -0.33140389450113666,
        -0.45200577084958443,
        0.8281680033834637,
        4.323652383492082,
        0.9434889817636873,
        -0.15876865092427714,
        0.290896986533387,
        3.2069923888338416,
        -5.5511151231257815e-17,
        0.8777717804773393,
        0.4790790137311818,
        2.4211567814589063,
        0,
        0,
        0,
        1
      ],
      "fov": 54.47557445475176,
      "aspect": 1.6104294478527608
    },
    {
      "camera_to_world": [
        -0.3296393511952512,
        -0.4446416346976997,
        0.8328147104931869,
        4.234316129261112,
        0.9441067883641969,
        -0.15573447654753741,
        0.2905217172266295,
        3.1279260012338175,
        0.0005199117381645542,
        0.8820660913490678,
        0.47118657642789397,
        2.366976406894044,
        0,
        0,
        0,
        1
      ],
      "fov": 54.47557445475176,
      "aspect": 1.6104294478527608
    },
    {
      "camera_to_world": [
        -0.32781421423294743,
        -0.4371648359930609,
        0.8374279949364684,
        4.143870808377098,
        0.944741835875635,
        -0.15247848824230373,
        0.29016609602773136,
        3.050100076729342,
        0.0008393409141261044,
        0.8863617866280686,
        0.463160868395325,
        2.311879588365242,
        0,
        0,
        0,
        1
      ],
      "fov": 54.47557445475176,
      "aspect": 1.6104294478527608
    },
    {
      "camera_to_world": [
        -0.3259375532346496,
        -0.4295807809981961,
        0.842001691845468,
        4.052417245081227,
        0.9453908026498388,
        -0.14901856888865478,
        0.2898255760446204,
        2.973401845948093,
        0.000970389871899538,
        0.8906479768816395,
        0.4550102047204801,
        2.255949638960133,
        0,
        0,
        0,
        1
      ],
      "fov": 54.47557445475176,
      "aspect": 1.6104294478527608
    },
    {
      "camera_to_world": [
        -0.324018114818278,
        -0.4218951784468704,
        0.8465299196170066,
        3.960056263614684,
        0.946050423789155,
        -0.14537290787094145,
        0.28949564669929995,
        2.8977185395177476,
        0.0009256986384041178,
        0.8949140607122172,
        0.4467430645632661,
        2.1992698717663464,
        0,
        0,
        0,
        1
      ],
      "fov": 54.47557445475176,
      "aspect": 1.6104294478527608
    },
    {
      "camera_to_world": [
        -0.32206428055051656,
        -0.4141140374066779,
        0.8510070991998454,
        3.8668886882186553,
        0.9467175307613398,
        -0.14155998167619627,
        0.2891718418497392,
        2.8229373880659834,
        0.000718430671658839,
        0.8991497848582156,
        0.43836806794370187,
        2.1419235998715136,
        0,
        0,
        0,
        1
      ],
      "fov": 54.47557445475176,
      "aspect": 1.6104294478527608
    },
    {
      "camera_to_world": [
        -0.32008402648867074,
        -0.40624366013755664,
        0.855427971320111,
        3.773015343134326,
        0.9473890883680945,
        -0.13759853096216168,
        0.2888497472061643,
        2.748945622220478,
        0.0003622538760511736,
        0.9033453010201007,
        0.4298939513671885,
        2.083994136363265,
        0,
        0,
        0,
        1
      ],
      "fov": 54.47557445475176,
      "aspect": 1.6104294478527608
    },
    {
      "camera_to_world": [
        -0.31808488469973156,
        -0.3982906301351227,
        0.8597876115320797,
        3.6785370526028824,
        0.9480622287414892,
        -0.13350753437901253,
        0.288525006986625,
        2.6756304726089075,
        -0.00012868286099776432,
        0.907491218806333,
        0.421329542519071,
        2.025564794329232,
        0,
        0,
        0,
        1
      ],
      "fov": 54.47557445475176,
      "aspect": 1.6104294478527608
    },
    {
      "camera_to_world": [
        -0.31607390712801575,
        -0.3902617956160839,
        0.8640814430068825,
        3.583554640865509,
        0.9487342820634468,
        -0.12930617951526377,
        0.2881933297628761,
        2.6028791698589506,
        -0.0007397772548437449,
        0.9115786542156834,
        0.41268373427036065,
        1.9667188868570449,
        0,
        0,
        0,
        1
      ],
      "fov": 54.47557445475176,
      "aspect": 1.6104294478527608
    },
    {
      "camera_to_world": [
        -0.3140576321570682,
        -0.38216424876845145,
        0.8683052469981126,
        3.488168932163393,
        0.9494028037317348,
        -0.12501383141603323,
        0.2878504934544092,
        2.5305789445982847,
        -0.0014560048820805632,
        0.9155992731091089,
        0.40396545824315216,
        1.9075397270343344,
        0,
        0,
        0,
        1
      ],
      "fov": 54.47557445475176,
      "aspect": 1.6104294478527608
    },
    {
      "camera_to_world": [
        -0.31204205417611164,
        -0.3740053011500327,
        0.8724551709503159,
        3.39248075073772,
        0.9500655977307891,
        -0.12064999918901222,
        0.28749234943573654,
        2.458617027454586,
        -0.0022619535784599927,
        0.9195453291748942,
        0.3951836581868937,
        1.8481106279487318,
        0,
        0,
        0,
        1
      ],
      "fov": 54.47557445475176,
      "aspect": 1.6104294478527608
    },
    {
      "camera_to_world": [
        -0.31003259641724834,
        -0.36579245567303725,
        0.8765277342433401,
        3.2965909208296753,
        0.9507207360062062,
        -0.11623430126867425,
        0.2871148257296048,
        2.386880649055533,
        -0.003141860371993996,
        0.9234096959536823,
        0.3863472634153049,
        1.7885149026878677,
        0,
        0,
        0,
        1
      ],
      "fov": 54.47557445475176,
      "aspect": 1.6104294478527608
    },
    {
      "camera_to_world": [
        -0.30803408727815257,
        -0.3575333756590467,
        0.8805198315919878,
        3.200600266680445,
        0.9513665736866251,
        -0.11178642995121767,
        0.2867139292665189,
        2.315257040028803,
        -0.004079650289764033,
        0.9271858925634106,
        0.37746516254850765,
        1.7288358643393729,
        0,
        0,
        0,
        1
      ],
      "fov": 54.47557445475176,
      "aspect": 1.6104294478527608
    },
    {
      "camera_to_world": [
        -0.3060507402876152,
        -0.34923585148574815,
        0.8844287341458542,
        3.1046096125312146,
        0.952001760044511,
        -0.10732611584065889,
        0.2862857471986134,
        2.243633431002072,
        -0.005058976334825648,
        0.9308681028457158,
        0.3685461777960717,
        1.6691568259908778,
        0,
        0,
        0,
        1
      ],
      "fov": 54.47557445475176,
      "aspect": 1.6104294478527608
    },
    {
      "camera_to_world": [
        -0.304086137809708,
        -0.3409077653737118,
        0.8882520883581762,
        3.00871978262317,
        0.9526252451364706,
        -0.10287309285994281,
        0.2858264472633659,
        2.1718970526030184,
        -0.006063259903246675,
        0.9344511877424799,
        0.35959904000447673,
        1.6095611007300132,
        0,
        0,
        0,
        1
      ],
      "fov": 54.47557445475176,
      "aspect": 1.6104294478527608
    },
    {
      "camera_to_world": [
        -0.30214321851823484,
        -0.3325570548774245,
        0.8919879127145222,
        2.913031601197497,
        0.9532362821124986,
        -0.09844706447992203,
        0.28533227719972587,
        2.0999351354593205,
        -0.007075730900981544,
        0.9379306908010525,
        0.35063236467731934,
        1.5501320016444107,
        0,
        0,
        0,
        1
      ],
      "fov": 54.47557445475176,
      "aspect": 1.6104294478527608
    },
    {
      "camera_to_world": [
        -0.3002242686083195,
        -0.32419167564945733,
        0.8956345924319272,
        2.8176458924953813,
        0.9538344252302976,
        -0.09406767180400603,
        0.28479956322580235,
        2.027634910198654,
        -0.008079466825703832,
        0.941302836796411,
        0.34165462915887446,
        1.4909528418217006,
        0,
        0,
        0,
        1
      ],
      "fov": 54.47557445475176,
      "aspect": 1.6104294478527608
    },
    {
      "camera_to_world": [
        -0.29833091664820893,
        -0.31581956404014155,
        0.8991908722562653,
        2.722663480758008,
        0.9544195236539526,
        -0.08975446411803294,
        0.2842247075931922,
        1.9548836074486973,
        -0.009057430099187922,
        0.9445645235453106,
        0.3326741511518163,
        1.4321069343495132,
        0,
        0,
        0,
        1
      ],
      "fov": 54.47557445475176,
      "aspect": 1.6104294478527608
    },
    {
      "camera_to_world": [
        -0.2964641319132338,
        -0.3074486000778658,
        0.9026558475001142,
        2.628185190226564,
        0.9549917111542505,
        -0.08552687247466674,
        0.28360418523820724,
        1.881568457837127,
        -0.009992502970188659,
        0.947713307068579,
        0.32369906871849863,
        1.3736775923154803,
        0,
        0,
        0,
        1
      ],
      "fov": 54.47557445475176,
      "aspect": 1.6104294478527608
    },
    {
      "camera_to_world": [
        -0.29462422598691546,
        -0.2990865713479037,
        0.9060289534749113,
        2.534311845142235,
        0.9555513918595322,
        -0.08140418683086366,
        0.2829345395546152,
        1.8075766919916214,
        -0.010867519354549259,
        0.9507473803307381,
        0.3147373218926774,
        1.3157481288072317,
        0,
        0,
        0,
        1
      ],
      "fov": 54.47557445475176,
      "aspect": 1.6104294478527608
    },
    {
      "camera_to_world": [
        -0.2928108573626827,
        -0.29074113825160913,
        0.9093099534797979,
        2.441144269746206,
        0.9560992222300462,
        -0.07740553719740897,
        0.28221237731595367,
        1.7327955405398572,
        -0.0116652930366812,
        0.953665545848931,
        0.30579663600544343,
        1.2584018569123991,
        0,
        0,
        0,
        1
      ],
      "fov": 54.47557445475176,
      "aspect": 1.6104294478527608
    },
    {
      "camera_to_world": [
        -0.29102303873463964,
        -0.2824198010842117,
        0.9124989255151993,
        2.3487832882796624,
        0.9566360894444619,
        -0.0735498791930542,
        0.28143436277797823,
        1.6571122341095115,
        -0.012368641722666551,
        0.9564671825139853,
        0.2968845068058626,
        1.2017220897186123,
        0,
        0,
        0,
        1
      ],
      "fov": 54.47557445475176,
      "aspect": 1.6104294478527608
    },
    {
      "camera_to_world": [
        -0.28925914662813174,
        -0.27412986931983635,
        0.9155962478919474,
        2.2573297249837916,
        0.9571630863939087,
        -0.06985598432430437,
        0.28059721099334645,
        1.5804140033282628,
        -0.01296040650798268,
        0.9591522070040666,
        0.2880081874338695,
        1.145792140313503,
        0,
        0,
        0,
        1
      ],
      "fov": 54.47557445475176,
      "aspect": 1.6104294478527608
    },
    {
      "camera_to_world": [
        -0.2875169329909952,
        -0.26587843343837914,
        0.9186025839067637,
        2.1668844040997786,
        0.9576814834762414,
        -0.06634243523728779,
        0.2796976803711837,
        1.5025880788237873,
        -0.013423466400193795,
        0.9617210301948999,
        0.2791746772807238,
        1.0906953217847017,
        0,
        0,
        0,
        1
      ],
      "fov": 54.47557445475176,
      "aspect": 1.6104294478527608
    },
    {
      "camera_to_world": [
        -0.2857935383446915,
        -0.25767233957219504,
        0.9215188657523427,
        2.0775481498688086,
        0.958192697371123,
        -0.06302762611214724,
        0.27873256451378337,
        1.4235216912237632,
        -0.013740747616960475,
        0.964174508979603,
        0.2703907127511693,
        1.036514947219839,
        0,
        0,
        0,
        1
      ],
      "fov": 54.47557445475176,
      "aspect": 1.6104294478527608
    },
    {
      "camera_to_world": [
        -0.2840855060810323,
        -0.24951816719283249,
        0.9243462778253347,
        1.9894217865320676,
        0.9586982569549721,
        -0.05992976829458097,
        0.2776986833613432,
        1.3431020711558672,
        -0.013895227460606695,
        0.9665138939057667,
        0.26166275992167043,
        0.9833343297065458,
        0,
        0,
        0,
        1
      ],
      "fov": 54.47557445475176,
      "aspect": 1.6104294478527608
    },
    {
      "camera_to_world": [
        -0.28238879748477963,
        -0.24142221000088304,
        0.9270862395884407,
        1.9026061383307418,
        0.9591997664842102,
        -0.057066901184829884,
        0.2765928736734013,
        1.2612164492477769,
        -0.013869932650756474,
        0.968740773017968,
        0.25299700907096545,
        0.9312367823324529,
        0,
        0,
        0,
        1
      ],
      "fov": 54.47557445475176,
      "aspect": 1.6104294478527608
    },
    {
      "camera_to_world": [
        -0.2806988070647049,
        -0.23339046012684878,
        0.9297403881338835,
        1.8172020295060167,
        0.9596988661358977,
        -0.05445690833253692,
        0.2754119788725451,
        1.1777520561271697,
        -0.013647932075009531,
        0.9708570122611463,
        0.24439937104289847,
        0.8803056181851909,
        0,
        0,
        0,
        1
      ],
      "fov": 54.47557445475176,
      "aspect": 1.6104294478527608
    },
    {
      "camera_to_world": [
        -0.2790103777852859,
        -0.22542859569903442,
        0.9323105605849511,
        1.733310284299078,
        0.9601971899473589,
        -0.05211753861711334,
        0.2741528382720795,
        1.0925961224217233,
        -0.013212323993449088,
        0.9728646927551923,
        0.2358754753871999,
        0.8306241503523909,
        0,
        0,
        0,
        1
      ],
      "fov": 54.47557445475176,
      "aspect": 1.6104294478527608
    },
    {
      "camera_to_world": [
        -0.2773178158075568,
        -0.2175419717869496,
        0.9347987764604122,
        1.6510317269511106,
        0.9606963211413384,
        -0.050066432327769826,
        0.2728122757047135,
        1.0056358787591144,
        -0.012546217805545113,
        0.974766045194956,
        0.22743067021167562,
        0.7822756919216836,
        0,
        0,
        0,
        1
      ],
      "fov": 54.47557445475176,
      "aspect": 1.6104294478527608
    },
    {
      "camera_to_world": [
        -0.27561490437016456,
        -0.20973561468639423,
        0.937207220113616,
        1.5704671817033025,
        0.9611977447612454,
        -0.048321151895031986,
        0.2713870875640284,
        0.9167585557670211,
        -0.011632710557756817,
        0.9765633815639708,
        0.21907002366919717,
        0.7353435559806998,
        0,
        0,
        0,
        1
      ],
      "fov": 54.47557445475176,
      "aspect": 1.6104294478527608
    },
    {
      "camera_to_world": [
        -0.2738949164698701,
        -0.20201421947596107,
        0.9395382233442693,
        1.4917174727968376,
        0.9617027974728048,
        -0.04689921696576943,
        0.26987403026455525,
        0.8258513840731201,
        -0.0104548584373129,
        0.9782590242760432,
        0.21079832699492615,
        0.68991105561707,
        0,
        0,
        0,
        1
      ],
      "fov": 54.47557445475176,
      "aspect": 1.6104294478527608
    },
    {
      "camera_to_world": [
        -0.27215062603411727,
        -0.19438215074452272,
        0.9417942482664527,
        1.4148834244729027,
        0.9622126143145922,
        -0.04581814345551986,
        0.2682698071198059,
        0.7328015943050896,
        -0.008995643563196869,
        0.979855232777895,
        0.20262009900335465,
        0.6460615039184259,
        0,
        0,
        0,
        1
      ],
      "fov": 54.47557445475176,
      "aspect": 1.6104294478527608
    },
    {
      "camera_to_world": [
        -0.27037431731653105,
        -0.186843446365596,
        0.9439778705015921,
        1.3400658609726825,
        0.9627280721011283,
        -0.045095486153757317,
        0.2665710546305807,
        0.6374964170906063,
        -0.007237936450685272,
        0.9813541275598646,
        0.19453959195089127,
        0.603878213972397,
        0,
        0,
        0,
        1
      ],
      "fov": 54.47557445475176,
      "aspect": 1.6104294478527608
    },
    {
      "camera_to_world": [
        -0.26855779228914844,
        -0.17940182417730172,
        0.9460917627500062,
        1.2673656065373633,
        0.963249729099125,
        -0.04474888439790756,
        0.2647743281683849,
        0.5398230830573472,
        -0.0051644545927611845,
        0.9827576114317301,
        0.18656079866779798,
        0.5634444988666149,
        0,
        0,
        0,
        1
      ],
      "fov": 54.47557445475176,
      "aspect": 1.6104294478527608
    },
    {
      "camera_to_world": [
        -0.26669237585288924,
        -0.1720606914158098,
        0.9481386787794468,
        1.1968834854081312,
        0.9637777605107823,
        -0.04479611026811394,
        0.2628760870308428,
        0.4396688228329907,
        -0.002757717672705393,
        0.9840672878286121,
        0.17868746086314505,
        0.5248436716887104,
        0,
        0,
        0,
        1
      ],
      "fov": 54.47557445475176,
      "aspect": 1.6104294478527608
    },
    {
      "camera_to_world": [
        -0.2647689187405814,
        -0.1648231567453679,
        0.9501214378538333,
        1.128720321826171,
        0.96431188920854,
        -0.045255118684368885,
        0.26087267883762816,
        0.33692086704521335,
        3.4694469519536136e-17,
        0.9852843758191621,
        0.1709230785079781,
        0.4881590455263139,
        0,
        0,
        0,
        1
      ],
      "fov": 54.47557445475176,
      "aspect": 1.6104294478527608
    },
    {
      "camera_to_world": [
        -0.2540327634377727,
        -0.15341862500174924,
        0.9580143729205024,
        1.1040633222831495,
        0.9671728372809257,
        -0.04707012410264315,
        0.250672045606788,
        0.2967890808870407,
        0.006637614491097416,
        0.9870395781930602,
        0.13918328502031124,
        0.47466515786073693,
        0,
        0,
        0,
        1
      ],
      "fov": 54.47557445475176,
      "aspect": 1.6104294478527608
    },
    {
      "camera_to_world": [
        -0.24038963921780285,
        -0.14172787691446925,
        0.965322537925093,
        1.0803622305746998,
        0.9705609431567597,
        -0.050357915987921796,
        0.23741707198608236,
        0.2547022061598466,
        0.014975879787030678,
        0.9886239371989081,
        0.1085611887527621,
        0.46102303606104433,
        0,
        0,
        0,
        1
      ],
      "fov": 54.47557445475176,
      "aspect": 1.6104294478527608
    },
    {
      "camera_to_world": [
        -0.22373760521309075,
        -0.129769415315927,
        0.9720325971098671,
        1.057545668783321,
        0.9743328559662041,
        -0.05503783582568333,
        0.22119817430260125,
        0.21082061633345867,
        0.02483887675099811,
        0.9900155228460751,
        0.07889231801032727,
        0.44725898275345394,
        0,
        0,
        0,
        1
      ],
      "fov": 54.47557445475176,
      "aspect": 1.6104294478527608
    },
    {
      "camera_to_world": [
        -0.20397014188316281,
        -0.11756341124366569,
        0.9780902074886513,
        1.03554225899151,
        0.9783132926983324,
        -0.06103092168125629,
        0.2020802521193033,
        0.1653046848777032,
        0.03604556213889742,
        0.9911882116608779,
        0.050031167467949826,
        0.4333993005641831,
        0,
        0,
        0,
        1
      ],
      "fov": 54.47557445475176,
      "aspect": 1.6104294478527608
    },
    {
      "camera_to_world": [
        -0.180983652066334,
        -0.10513225926392739,
        0.9834034808492068,
        1.0142806232817652,
        0.9822941966738318,
        -0.06825886612680199,
        0.18011116644117417,
        0.11831478526240798,
        0.048404843411000514,
        0.9921128641727944,
        0.021853182305186503,
        0.4194702921194496,
        0,
        0,
        0,
        1
      ],
      "fov": 54.47557445475176,
      "aspect": 1.6104294478527608
    },
    {
      "camera_to_world": [
        -0.15468682289234587,
        -0.09250103662975613,
        0.9878458663209754,
        0.9936893837365842,
        0.9860343579388011,
        -0.07664305295351272,
        0.15533047142694878,
        0.07001129095739919,
        0.061710872524119005,
        0.992758480526047,
        -0.005743608521099926,
        0.4054982600454709,
        0,
        0,
        0,
        1
      ],
      "fov": 54.47557445475176,
      "aspect": 1.6104294478527608
    },
    {
      "camera_to_world": [
        -0.12501187367337313,
        -0.07969786237146642,
        0.9912589857546151,
        0.9736971624384654,
        0.9892601543916472,
        -0.08610370050029341,
        0.127778510243528,
        0.020554575432504645,
        0.07573888283891372,
        0.9930933508455158,
        -0.03283710524203096,
        0.39150950696846476,
        0,
        0,
        0,
        1
      ],
      "fov": 54.47557445475176,
      "aspect": 1.6104294478527608
    },
    {
      "camera_to_world": [
        -0.09192751802006957,
        -0.06675415072418361,
        0.9934559663081346,
        0.9542325814699064,
        0.9916681473348992,
        -0.09655913682509214,
        0.09750591622815981,
        -0.02989498784244954,
        0.09024199129029972,
        0.9930862079682138,
        -0.059479738628190185,
        0.37753033551464865,
        0,
        0,
        0,
        1
      ],
      "fov": 54.47557445475176,
      "aspect": 1.6104294478527608
    },
    {
      "camera_to_world": [
        -0.05545316583203776,
        -0.05370475273167579,
        0.9942258119087286,
        0.935224262913405,
        0.9929302853876434,
        -0.10792522921886413,
        0.0645834353257421,
        -0.08117702539763547,
        0.10494948670297442,
        0.9927073810706181,
        -0.08569722758616889,
        0.3635870483102404,
        0,
        0,
        0,
        1
      ],
      "fov": 54.47557445475176,
      "aspect": 1.6104294478527608
    },
    {
      "camera_to_world": [
        -0.0156734916796532,
        -0.04058798055757899,
        0.9933393185142168,
        0.9166008288514594,
        0.9927023863783024,
        -0.12011498710645391,
        0.02911181021457924,
        -0.13313116376322656,
        0.11956719339932426,
        0.9919299399184773,
        -0.11148767106609558,
        0.3497059479814575,
        0,
        0,
        0,
        1
      ],
      "fov": 54.47557445475176,
      "aspect": 1.6104294478527608
    },
    {
      "camera_to_world": [
        0.027247957765765187,
        -0.02744551103740632,
        0.990556942394014,
        0.8982909013665674,
        0.9906363246899126,
        -0.13303835276413242,
        -0.008768747540647966,
        -0.18559702946939635,
        0.1337804955980407,
        0.9907308113800144,
        -0.13682124448195312,
        0.3359133371545173,
        0,
        0,
        0,
        1
      ],
      "fov": 54.47557445475176,
      "aspect": 1.6104294478527608
    },
    {
      "camera_to_world": [
        0.07305786734785169,
        -0.01432216826997131,
        0.9856388508916156,
        0.880223102541227,
        0.9863959129111732,
        -0.1466021882852002,
        -0.04887019891595545,
        -0.23841424904631678,
        0.14726048692951121,
        0.9890918429984331,
        -0.16164083416937208,
        0.32223551845563775,
        0,
        0,
        0,
        1
      ],
      "fov": 54.47557445475176,
      "aspect": 1.6104294478527608
    },
    {
      "camera_to_world": [
        0.12140697989696034,
        -0.0012655894077362678,
        0.97835710500483,
        0.8623260544579358,
        0.9796758338746889,
        -0.1607104598455081,
        -0.09095033411695856,
        -0.29142244902416203,
        0.15967343471671228,
        0.9870007833733955,
        -0.18586396049417833,
        0.3086987945110363,
        0,
        0,
        0,
        1
      ],
      "fov": 54.47557445475176,
      "aspect": 1.6104294478527608
    },
    {
      "camera_to_world": [
        0.17185060545105685,
        0.011674217033152664,
        0.9685095468986463,
        0.844528379199192,
        0.9702222228633388,
        -0.175264611800753,
        -0.13470946023842972,
        -0.34446125593310384,
        0.1706933146559257,
        0.9844521463773616,
        -0.20938629107095222,
        0.29532946794693077,
        0,
        0,
        0,
        1
      ],
      "fov": 54.47557445475176,
      "aspect": 1.6104294478527608
    },
    {
      "camera_to_world": [
        0.22385728051744413,
        0.024445405474870424,
        0.9559345297292763,
        0.8267586988474935,
        0.9578527722223562,
        -0.190164113954333,
        -0.17979109778509214,
        -0.39737029630331644,
        0.1800166234137323,
        0.9814479262371145,
        -0.23208691481533117,
        0.28215384138953836,
        0,
        0,
        0,
        1
      ],
      "fov": 54.47557445475176,
      "aspect": 1.6104294478527608
    },
    {
      "camera_to_world": [
        0.2768260765591397,
        0.03699489989319941,
        0.9405252066727645,
        0.8089456354853382,
        0.9424737468233959,
        -0.20530715612148656,
        -0.22578741940080066,
        -0.4499891966649719,
        0.18737812008220903,
        0.9779981334477075,
        -0.2538353341311661,
        0.26919821746507705,
        0,
        0,
        0,
        1
      ],
      "fov": 54.47557445475176,
      "aspect": 1.6104294478527608
    },
    {
      "camera_to_world": [
        0.3301117287535181,
        0.04926904767703818,
        0.9222417967014249,
        0.7910178111952239,
        0.9240912752297684,
        -0.2205914556500224,
        -0.27224969447830166,
        -0.5021575835482439,
        0.192565733149966,
        0.9741211272912634,
        -0.27449985842145513,
        0.2564888987997643,
        0,
        0,
        0,
        1
      ],
      "fov": 54.47557445475176,
      "aspect": 1.6104294478527608
    },
    {
      "camera_to_world": [
        0.38305534434277744,
        0.061214292072020726,
        0.9011201788221485,
        0.7729038480596485,
        0.9028148447646583,
        -0.2359151366261406,
        -0.3187033504009528,
        -0.5537150834833048,
        0.19543274864515933,
        0.9698437290392667,
        -0.2939567957417329,
        0.24405218801981776,
        0,
        0,
        0,
        1
      ],
      "fov": 54.47557445475176,
      "aspect": 1.6104294478527608
    },
    {
      "camera_to_world": [
        0.43501732733364085,
        0.07277783256252253,
        0.877275413842287,
        0.7545323681611102,
        0.8788520345621788,
        -0.251177634791701,
        -0.3646665360054571,
        -0.604501323000328,
        0.19590565654267098,
        0.9652011100635702,
        -0.31209960875596177,
        0.23191438775145504,
        0,
        0,
        0,
        1
      ],
      "fov": 54.47557445475176,
      "aspect": 1.6104294478527608
    },
    {
      "camera_to_world": [
        0.48540866192353943,
        0.08390824243763123,
        0.8508993596420432,
        0.7358319935821065,
        0.8524949320656545,
        -0.26628058022952905,
        -0.4096704378120421,
        -0.6543559286294867,
        0.19398665348929073,
        0.9602364601720002,
        -0.32884709538575924,
        0.22010180062089357,
        0,
        0,
        0,
        1
      ],
      "fov": 54.47557445475176,
      "aspect": 1.6104294478527608
    },
    {
      "camera_to_world": [
        0.5337169961346574,
        0.09455601462910762,
        0.8222523438209443,
        0.7167313464051357,
        0.8241000323899915,
        -0.2811286108660744,
        -0.4532792227914944,
        -0.7031185269009533,
        0.18975063808012174,
        0.9550004524867889,
        -0.3441497192596596,
        0.2086407292543513,
        0,
        0,
        0,
        1
      ],
      "fov": 54.47557445475176,
      "aspect": 1.6104294478527608
    },
    {
      "camera_to_world": [
        0.5795249757438378,
        0.1046740105655704,
        0.7916497166834443,
        0.6971590487126953,
        0.7940643609251115,
        -0.29563007371336275,
        -0.4951074779383398,
        -0.7506287443449016,
        0.18333737534310585,
        0.9495505310557993,
        -0.357993451566588,
        0.19755747627804546,
        0,
        0,
        0,
        1
      ],
      "fov": 54.47557445475176,
      "aspect": 1.6104294478527608
    },
    {
      "camera_to_world": [
        0.622519696867244,
        0.11421779192588788,
        0.7594448270638328,
        0.6770437225872837,
        0.7628008740778826,
        -0.30969757713726714,
        -0.534833402286713,
        -0.7967262074915038,
        0.17494014267266664,
        0.9439500552057196,
        -0.37040084563132986,
        0.186878344318194,
        0,
        0,
        0,
        1
      ],
      "fov": 54.47557445475176,
      "aspect": 1.6104294478527608
    },
    {
      "camera_to_world": [
        0.6624935825314241,
        0.12314582131811079,
        0.7260103790864487,
        0.6563139901113983,
        0.7307158773495342,
        -0.32324836565892523,
        -0.5722066874907935,
        -0.8412505428709335,
        0.1647924746278772,
        0.938267339722918,
        -0.3814294643175386,
        0.17662963600101422,
        0,
        0,
        0,
        1
      ],
      "fov": 54.47557445475176,
      "aspect": 1.6104294478527608
    },
    {
      "camera_to_world": [
        0.6993381100723379,
        0.13141952450140795,
        0.6917201658575596,
        0.6348984733675377,
        0.6981904327875256,
        -0.33620449807341823,
        -0.6070508285843993,
        -0.8840413770133633,
        0.15315458649488292,
        0.9325746318954985,
        -0.39116812710263676,
        0.16683765395272404,
        0,
        0,
        0,
        1
      ],
      "fov": 54.47557445475176,
      "aspect": 1.6104294478527608
    },
    {
      "camera_to_world": [
        0.7330324440471131,
        0.13900321324804987,
        0.6569328700639917,
        0.612725794438199,
        0.6655667757444137,
        -0.3484928191581292,
        -0.6392603508502263,
        -0.9249383364489668,
        0.14030075908383796,
        0.9269470652102721,
        -0.3997316700742293,
        0.1575287007995408,
        0,
        0,
        0,
        1
      ],
      "fov": 54.47557445475176,
      "aspect": 1.6104294478527608
    },
    {
      "camera_to_world": [
        0.763629158709246,
        0.14586387382025068,
        0.6219790882736792,
        0.5897245754058809,
        0.6331398721396667,
        -0.36004472415659244,
        -0.6687939789024685,
        -0.963781047707916,
        0.12650853835206405,
        0.9214616253111971,
        -0.4072549908031174,
        0.1487290791676823,
        0,
        0,
        0,
        1
      ],
      "fov": 54.47557445475176,
      "aspect": 1.6104294478527608
    },
    {
      "camera_to_world": [
        0.7912389843892478,
        0.1519708309475056,
        0.5871521254338644,
        0.5658234383530807,
        0.6011535826417104,
        -0.37079572292898616,
        -0.6956650444008218,
        -1.0004091373203845,
        0.11205016581740525,
        0.9161961571621522,
        -0.4138870952292405,
        0.14046509168336604,
        0,
        0,
        0,
        1
      ],
      "fov": 54.47557445475176,
      "aspect": 1.6104294478527608
    },
    {
      "camera_to_world": [
        0.8160160521188548,
        0.15729530092788221,
        0.5527025518782861,
        0.5409510053622965,
        0.5698005150957038,
        -0.38068481673995025,
        -0.7199304414017448,
        -1.034662231816546,
        0.09718629368912604,
        0.9112284338241851,
        -0.41978571758734173,
        0.13276304097280964,
        0,
        0,
        0,
        1
      ],
      "fov": 54.47557445475176,
      "aspect": 1.6104294478527608
    },
    {
      "camera_to_world": [
        0.8381445955614445,
        0.16180985000513257,
        0.5188361020387979,
        0.5150358985160264,
        0.5392245146911445,
        -0.3896537049348601,
        -0.7416792587347003,
        -1.0663799577265722,
        0.08216178970325666,
        0.9066352974994155,
        -0.4251128983975096,
        0.12564922966223072,
        0,
        0,
        0,
        1
      ],
      "fov": 54.47557445475176,
      "aspect": 1.6104294478527608
    },
    {
      "camera_to_world": [
        0.8578276062044113,
        0.16548777561617647,
        0.48571425151776343,
        0.48800673989676796,
        0.5095247927690282,
        -0.3976458413065318,
        -0.7610219326373651,
        -1.0954019415806369,
        0.06720330041961056,
        0.9024918731009329,
        -0.43003172431511205,
        0.11914996037784689,
        0,
        0,
        0,
        1
      ],
      "fov": 54.47557445475176,
      "aspect": 1.6104294478527608
    },
    {
      "camera_to_world": [
        0.8752775807741443,
        0.16830242872130852,
        0.4534567226191187,
        0.4597921515870195,
        0.4807608508432695,
        -0.40460536106406547,
        -0.7780804482377447,
        -1.1215678099089126,
        0.052518195805043785,
        0.8988708440508714,
        -0.4347042865922512,
        0.11329153574587578,
        0,
        0,
        0,
        1
      ],
      "fov": 54.47557445475176,
      "aspect": 1.6104294478527608
    },
    {
      "camera_to_world": [
        0.8907092604695259,
        0.1702264955916114,
        0.4221451984299429,
        0.4303207556692787,
        0.452957549992822,
        -0.41047589945704627,
        -0.7929798302750428,
        -1.1447171892415733,
        0.038294532486115404,
        0.8958417696019358,
        -0.4392908150866673,
        0.10810025839253493,
        0,
        0,
        0,
        1
      ],
      "fov": 54.47557445475176,
      "aspect": 1.6104294478527608
    },
    {
      "camera_to_world": [
        0.9043341255972073,
        0.17123125758476987,
        0.39182762594017995,
        0.39952117422604344,
        0.42610986175054666,
        -0.41519932290485084,
        -0.8058409300531857,
        -1.1646897061087909,
        0.024701720572956314,
        0.8934704128762697,
        -0.44394989244406763,
        0.10360243094404202,
        0,
        0,
        0,
        1
      ],
      "fov": 54.47557445475176,
      "aspect": 1.6104294478527608
    },
    {
      "camera_to_world": [
        0.9163563512210924,
        0.1712858481023026,
        0.36252261880216985,
        0.3673220293398116,
        0.4001869894276609,
        -0.41871439368177865,
        -0.8167743430341168,
        -1.1813249870407387,
        0.011891638641977047,
        0.8918180390436019,
        -0.4488396410946829,
        0.09982435602661464,
        0,
        0,
        0,
        1
      ],
      "fov": 54.47557445475176,
      "aspect": 1.6104294478527608
    },
    {
      "camera_to_world": [
        0.9269699231061288,
        0.17035652764698928,
        0.3342236005201884,
        0.33365194309308177,
        0.37513565767148543,
        -0.4209553906812207,
        -0.8258751705916598,
        -1.19446265856759,
        5.551115123125783e-17,
        0.8909406335690844,
        -0.45411979416836534,
        0.09679233626647032,
        0,
        0,
        0,
        1
      ],
      "fov": 54.47557445475176,
      "aspect": 1.6104294478527608
    },
    {
      "camera_to_world": [
        0.9356199071524132,
        0.16810718316328613,
        0.30959114147898453,
        0.3008010585741818,
        0.35288642701411194,
        -0.422223620011618,
        -0.8329227062875219,
        -1.2038259732386958,
        -0.009303707289239573,
        0.8907677529374253,
        -0.45868626583800154,
        0.09476203494848148,
        0,
        0,
        0,
        1
      ],
      "fov": 54.47557445475176,
      "aspect": 1.6104294478527608
    },
    {
      "camera_to_world": [
        0.9442580809236633,
        0.1642726060642244,
        0.2835108944951863,
        0.26550733719806874,
        0.32870953299458255,
        -0.42288867462377255,
        -0.8398715530860671,
        -1.2111605853590657,
        -0.018075384611226167,
        0.8911675935377235,
        -0.4628578043193578,
        0.09350805627878234,
        0,
        0,
        0,
        1
      ],
      "fov": 54.47557445475176,
      "aspect": 1.6104294478527608
    },
    {
      "camera_to_world": [
        0.9527728088100679,
        0.15893649280229336,
        0.25595213516415494,
        0.22794042664212522,
        0.3025425979054854,
        -0.4229609213869153,
        -0.8466192282764076,
        -1.216518395775231,
        -0.026304966161802633,
        0.8921004709309586,
        -0.46660945855990776,
        0.09299474232312972,
        0,
        0,
        0,
        1
      ],
      "fov": 54.47557445475176,
      "aspect": 1.6104294478527608
    },
    {
      "camera_to_world": [
        0.9610350887797492,
        0.1521793256220763,
        0.2268933343748831,
        0.18826997458373565,
        0.27433022705060334,
        -0.4224465758205671,
        -0.8530555691527602,
        -1.2199513053337236,
        -0.03397770828740834,
        0.8935213167186823,
        -0.4699102156302922,
        0.09318643514728057,
        0,
        0,
        0,
        1
      ],
      "fov": 54.47557445475176,
      "aspect": 1.6104294478527608
    },
    {
      "camera_to_world": [
        0.9688978143284998,
        0.14407959170861762,
        0.196325006977487,
        0.14666562870028269,
        0.24402849808798935,
        -0.4213485667375641,
        -0.8590626984815986,
        -1.2215112148810756,
        -0.041074536033607466,
        0.8953806210552462,
        -0.4727237795085027,
        0.09404747681699177,
        0,
        0,
        0,
        1
      ],
      "fov": 54.47557445475176,
      "aspect": 1.6104294478527608
    },
    {
      "camera_to_world": [
        0.9761956861419803,
        0.13471498410496005,
        0.1642527141737037,
        0.1032970366691496,
        0.21161010015403436,
        -0.41966739382398144,
        -0.8645154765129587,
        -1.2212500252638183,
        -0.04757255375306112,
        0.8976252846364052,
        -0.47500951227964244,
        0.0955422093980202,
        0,
        0,
        0,
        1
      ],
      "fov": 54.47557445475176,
      "aspect": 1.6104294478527608
    },
    {
      "camera_to_world": [
        0.9827460266546123,
        0.12416354538365511,
        0.1307001240769883,
        0.05833384616771891,
