{"keyframes": [], "render_height": 1080, "render_width": 1920, "camera_path": [{"camera_to_world": [0.6305326857685357, 0.13597667156089893, -0.7641589343642698, -1.1620028726821223, -0.7761626969762957, 0.11046361317693959, -0.6207811675513187, -0.8649265092617571, 2.7755575615628907e-17, 0.9845344762653643, 0.17519093882071965, 0.14970157117118688, 0, 0, 0, 1], "fov": 55.25588968822606, "aspect": 1.5838323353293413}, {"camera_to_world": [0.6505749549149357, 0.13267497879878423, -0.7476303474341657, -1.143835410425733, -0.7594420504801069, 0.11365583232557655, -0.6404564762611347, -0.8823742167185812, -2.7755589421355395e-17, 0.9846216033477645, 0.17568257059435188, 0.14970157117118688, 0, 0, 0, 1], "fov": 55.25588968822606, "aspect": 1.5838323353293413}, {"camera_to_world": [0.6703618594311023, 0.12941532262810287, -0.7304540935473264, -1.125926768745971, -0.7420343505661143, 0.11691520244266809, -0.6599001299681977, -0.9002096890882284, -4.1633416559749845e-17, 0.9846738087848452, 0.1759790774152132, 0.1497015711711869, 0, 0, 0, 1], "fov": 55.25588968822606, "aspect": 1.5838323353293413}, {"camera_to_world": [0.6897819894505682, 0.1261793384180463, -0.7127011479612135, -1.108170374464225, -0.7240171317238401, 0.12021294976035793, -0.6790010818582434, -0.9182732584654187, -5.551124743026432e-17, 0.9846967153729609, 0.17610963781151634, 0.1497015711711869, 0, 0, 0, 1], "fov": 55.25588968822606, "aspect": 1.5838323353293413}, {"camera_to_world": [0.7087452930022289, 0.12294859513323922, -0.6944389094548201, -1.0904596544018843, -0.7054644637734666, 0.1235203792063741, -0.6976684633001584, -0.9364052569448719, -8.32668700015492e-17, 0.984696074367861, 0.17610598045380438, 0.1497015711711869, 0, 0, 0, 1], "fov": 55.25588968822606, "aspect": 1.5838323353293413}, {"camera_to_world": [0.7271830186432975, 0.119704600285642, -0.6757281572834956, -1.0726880353803367, -0.6864436301669801, 0.1268088867836501, -0.715831598693917, -0.9544460166213079, -1.387780654662674e-16, 0.9846777721179382, 0.17600164705354981, 0.1497015711711869, 0, 0, 0, 1], "fov": 55.25588968822606, "aspect": 1.5838323353293413}, {"camera_to_world": [0.7450468309796032, 0.11642880115229857, -0.6566203158455066, -1.0547489442209717, -0.6670121585452923, 0.13004996718869272, -0.7334392322689599, -0.9722358695894465, -6.938899755229683e-17, 0.9846478255175596, 0.17583132083808595, 0.14970157117118693, 0, 0, 0, 1], "fov": 55.25588968822606, "aspect": 1.5838323353293413}, {"camera_to_world": [0.7623072826891548, 0.11310258243670389, -0.6371550868584306, -1.0365358077451772, -0.6472152708018227, 0.13321521628442845, -0.7504581316706082, -0.9896151479440077, -1.1102234657106313e-16, 0.9846123663637593, 0.17563025906684174, 0.14970157117118693, 0, 0, 0, 1], "fov": 55.25588968822606, "aspect": 1.5838323353293413}, {"camera_to_world": [0.7789518346959369, 0.10970726056513298, -0.6173584537020346, -1.0179420527743426, -0.6270837577420053, 0.13627632806881593, -0.7668712420615671, -1.0064241837797112, -1.3877789495301726e-16, 0.9845776147096654, 0.1754338557450711, 0.14970157117118693, 0, 0, 0, 1], "fov": 55.25588968822606, "aspect": 1.5838323353293413}, {"camera_to_world": [0.794982602829887, 0.10622407483880902, -0.5972410138359455, -0.9988611061298565, -0.6066322289475051, 0.13920508583110658, -0.782675553720287, -1.0225033091912772, -1.526556682367189e-16, 0.9845498412997654, 0.17527734879571286, 0.14970157117118696, 0, 0, 0, 1], "fov": 55.25588968822606, "aspect": 1.5838323353293413}, {"camera_to_world": [0.8104139805304642, 0.10263417570865337, -0.5767965558153157, -0.9791863946331075, -0.5858576449622966, 0.14197334726231245, -0.7978798207619786, -1.0376928562734251, -1.6653345370148366e-16, 0.9845353191448948, 0.17519567580400502, 0.14970157117118693, 0, 0, 0, 1], "fov": 55.25588968822606, "aspect": 1.5838323353293413}, {"camera_to_world": [0.8298930826440972, 0.09773968845209956, -0.5492933148606132, -0.9523499682672883, -0.5579224600062967, 0.14538488259689517, -0.8170574856232247, -1.0563980333019065, -1.804112415143843e-16, 0.9845355195286625, 0.175196802015601, 0.14970157117118696, 0, 0, 0, 1], "fov": 55.25588968822606, "aspect": 1.5838323353293413}, {"camera_to_world": [0.8503324233128949, 0.0921792113644788, -0.5181047065140998, -0.9218601087462357, -0.5262459214690599, 0.1489474197915226, -0.8371774728250376, -1.0759281601739277, -1.2490009046080284e-16, 0.9845393131458342, 0.175218127150766, 0.149701571171187, 0, 0, 0, 1], "fov": 55.25588968822606, "aspect": 1.5838323353293413}, {"camera_to_world": [0.8697243739804073, 0.08643702405616124, -0.4859002476315238, -0.8903737682426371, -0.49353775266375405, 0.1523214510546098, -0.8562653746493992, -1.0944238458089777, -1.1102230311410362e-16, 0.9845439636811211, 0.175244279587517, 0.149701571171187, 0, 0, 0, 1], "fov": 55.25588968822606, "aspect": 1.5838323353293413}, {"camera_to_world": [0.8879625286738202, 0.08053842163122878, -0.45279679482180946, -0.8580304454817285, -0.45991580498086304, 0.15549607069937466, -0.8742178080227201, -1.1118266368255625, -1.2490009173455214e-16, 0.9845478833648497, 0.1752663308654771, 0.149701571171187, 0, 0, 0, 1], "fov": 55.25588968822606, "aspect": 1.5838323353293413}, {"camera_to_world": [0.9049525197083977, 0.07450877793502256, -0.4189251651771583, -0.8249696391887443, -0.4255125580678227, 0.15846043801589718, -0.8909428796127329, -1.1280780798421879, -6.938894013187565e-17, 0.9845500147755011, 0.17527832509657826, 0.14970157117118701, 0, 0, 0, 1], "fov": 55.25588968822606, "aspect": 1.5838323353293413}, {"camera_to_world": [0.9206145380466091, 0.06837353196157742, -0.38442775614362146, -0.7913308480889203, -0.39047262687316353, 0.16120379050762274, -0.9063625892767496, -1.1431197214773594, -7.63278341189853e-17, 0.9845498453877657, 0.1752773718023126, 0.14970157117118701, 0, 0, 0, 1], "fov": 55.25588968822606, "aspect": 1.5838323353293413}, {"camera_to_world": [0.9348853676844312, 0.06215817176904307, -0.3494557036509106, -0.7572535709074913, -0.35494978418016565, 0.1637154545765208, -0.9204147700827339, -1.1568931083495837, -8.326672775594261e-17, 0.9845474146099483, 0.17526369332920888, 0.14970157117118701, 0, 0, 0, 1], "fov": 55.25588968822606, "aspect": 1.5838323353293413}, {"camera_to_world": [0.9477198249480779, 0.05588821669890936, -0.3141657141070866, -0.7228773063696927, -0.31910364053138707, 0.1659848532544108, -0.9330544618119772, -1.1693397870773659, -7.632783333161565e-17, 0.9845433132799833, 0.17524062135345883, 0.14970157117118704, 0, 0, 0, 1], "fov": 55.25588968822606, "aspect": 1.5838323353293413}, {"camera_to_world": [0.9590915339345958, 0.04958919872535839, -0.2787167295754459, -0.6883415532007594, -0.28309614892291357, 0.16800151062825674, -0.944254652416828, -1.180401304279212, -6.938893911883093e-17, 0.9845386756224465, 0.1752145429008189, 0.14970157117118704, 0, 0, 0, 1], "fov": 55.25588968822606, "aspect": 1.5838323353293413}, {"camera_to_world": [0.9689930158759024, 0.04328664377336049, -0.24326659525784022, -0.6537858101259267, -0.2470881121861662, 0.16975505266514695, -0.9540063652400783, -1.1900192065736286, -5.551115123296735e-17, 0.9845351637018819, 0.17519480218623026, 0.14970157117118704, 0, 0, 0, 1], "fov": 55.25588968822606, "aspect": 1.5838323353293413}, {"camera_to_world": [0.9782128948751323, 0.03636928478248875, -0.2043933636721126, -0.6158580936781363, -0.20760426850142874, 0.17136884327294813, -0.9630833961855028, -1.1988673250236843, -3.4694469521552963e-17, 0.9845354207339125, 0.17519624675944842, 0.14970157117118701, 0, 0, 0, 1], "fov": 55.25588968822606, "aspect": 1.5838323353293413}, {"camera_to_world": [0.9867160960585049, 0.0284527090721707, -0.1599403105908522, -0.572450565371373, -0.1624541343858744, 0.17281644523306014, -0.9714475994420287, -1.2067971846843633, -2.081668181033849e-17, 0.9845430003831539, 0.17523886151884654, 0.14970157117118701, 0, 0, 0, 1], "fov": 55.25588968822606, "aspect": 1.5838323353293413}, {"camera_to_world": [0.9932193674133672, 0.020354142469893033, -0.11445505615829832, -0.528045488501455, -0.11625527168688239, 0.17389429498421424, -0.9778393428986618, -1.212696349367344, -1.387778815122895e-17, 0.9845539513181888, 0.17530048373953275, 0.14970157117118701, 0, 0, 0, 1], "fov": 55.25588968822606, "aspect": 1.5838323353293413}, {"camera_to_world": [0.9975970789166757, 0.012126117771587607, -0.06820897495772872, -0.48293165808974, -0.06928252403684357, 0.17460362242435576, -0.982139076479739, -1.2165755952842383, 0, 0.9845641331594822, 0.1753578346887906, 0.14970157117118701, 0, 0, 0, 1], "fov": 55.25588968822606, "aspect": 1.5838323353293413}, {"camera_to_world": [0.9997615307732205, 0.0038213123044384804, -0.021499096880909487, -0.43739786915758616, -0.021837618596976863, 0.17494586335420534, -0.984263458602368, -1.218445698646657, 9.540979932776134e-18, 0.9845706386377382, 0.17539450645162746, 0.14970157117118704, 0, 0, 0, 1], "fov": 55.25588968822606, "aspect": 1.5838323353293413}, {"camera_to_world": [0.999668156503105, -0.004507501698410007, 0.025360629090349918, -0.3917329167263522, 0.02575998590223836, 0.17492268553192752, -0.9841703107572818, -1.2183174356662123, 1.9949321794258612e-17, 0.9845718544193396, 0.17540136235519144, 0.14970157117118701, 0, 0, 0, 1], "fov": 55.25588968822606, "aspect": 1.5838323353293413}, {"camera_to_world": [0.9973184864291508, -0.012807513333655882, 0.0720493378096065, -0.3462255958173959, 0.07318358167422388, 0.1745360027567726, -0.9818614351558571, -1.216201582554515, 1.9081959594200067e-17, 0.9845674945598683, 0.17537678031848428, 0.14970157117118701, 0, 0, 0, 1], "fov": 55.25588968822606, "aspect": 1.5838323353293413}, {"camera_to_world": [0.9927605601747046, -0.021025931855200974, 0.11824977121466715, -0.30116470145207597, 0.12011024170155916, 0.17378797670418383, -0.977383006216028, -1.2121089155231768, 3.1225023754141865e-17, 0.984558606352454, 0.17532669724773453, 0.14970157117118701, 0, 0, 0, 1], "fov": 55.25588968822606, "aspect": 1.5838323353293413}, {"camera_to_world": [0.9860867492473093, -0.029110043986597955, 0.16365850163424228, -0.2568390286517504, 0.16623153418913736, 0.1726810065563739, -0.9708235001884569, -1.206050210783809, 4.8572257868672005e-17, 0.9845475485286507, 0.17526444683582573, 0.14970157117118701, 0, 0, 0, 1], "fov": 55.25588968822606, "aspect": 1.5838323353293413}, {"camera_to_world": [0.9774292318249616, -0.03700726566315886, 0.20799507166906137, -0.21353737243777748, 0.21126309846744623, 0.17121770679065074, -0.9623093886232824, -1.1980362445480228, 6.245004518405467e-17, 0.984537941965411, 0.17521041843699342, 0.149701571171187, 0, 0, 0, 1], "fov": 55.25588968822606, "aspect": 1.5838323353293413}, {"camera_to_world": [0.9665503702549463, -0.0449320603616738, 0.2525102505022391, -0.17008528764935849, 0.2564768639858694, 0.1693295017100883, -0.9516019196552369, -1.187686335183701, 4.85722573275505e-17, 0.9845347275755529, 0.17519235114514645, 0.14970157117118701, 0, 0, 0, 1], "fov": 55.25588968822606, "aspect": 1.5838323353293413}, {"camera_to_world": [0.9505420767741235, -0.05439053305369375, 0.30578818581494427, -0.1182286739774825, 0.3105958149781428, 0.16645584953985265, -0.935828891377636, -1.1719181824467744, 2.0816681948151258e-17, 0.9845476728265122, 0.17526514621826506, 0.14970157117118701, 0, 0, 0, 1], "fov": 55.25588968822606, "aspect": 1.5838323353293413}, {"camera_to_world": [0.9309909688310155, -0.06387597565106619, 0.3593830751683804, -0.06622944296594882, 0.3650422111963037, 0.16290706836758992, -0.9165581049818823, -1.1524389069267675, 2.7755578108061974e-17, 0.9845715549468721, 0.1753996735303096, 0.14970157117118701, 0, 0, 0, 1], "fov": 55.25588968822606, "aspect": 1.5838323353293413}, {"camera_to_world": [0.9078629952835812, -0.07330623913186518, 0.4127568033376823, -0.014535564377976123, 0.41926695767103334, 0.1587342398764653, -0.8937661815359262, -1.12953849767593, -2.7755582528622315e-17, 0.9845961793523184, 0.17553869670573444, 0.14970157117118701, 0, 0, 0, 1], "fov": 55.25588968822606, "aspect": 1.5838323353293413}, {"camera_to_world": [0.881230013783715, -0.08259900078130446, 0.4653395451068462, 0.03640499202321731, 0.47268770113760483, 0.15398902578140145, -0.8675308724168335, -1.103506943746512, 0, 0.9846140284440521, 0.175639668536015, 0.149701571171187, 0, 0, 0, 1], "fov": 55.25588968822606, "aspect": 1.5838323353293413}, {"camera_to_world": [0.8512757511726822, -0.09167192300463252, 0.5165581562420071, 0.08614425647441323, 0.5247185869257788, 0.1487236912540536, -0.8380366989772564, -1.0746342341907629, 0, 0.9846204965327512, 0.17567630001557322, 0.149701571171187, 0, 0, 0, 1], "fov": 55.25588968822606, "aspect": 1.5838323353293413}, {"camera_to_world": [0.818292356346116, -0.10044281988067842, 0.5658666664658217, 0.13423425921239324, 0.5748022438591562, 0.14299107673342393, -0.8055716080215907, -1.0432103580609327, -1.3877793560313924e-17, 0.9846140319480694, 0.17563968837471491, 0.14970157117118693, 0, 0, 0, 1], "fov": 55.25588968822606, "aspect": 1.5838323353293413}, {"camera_to_world": [0.7826673199628563, -0.10882981605966985, 0.6127753265599709, 0.18022703047393962, 0.6224402511584222, 0.13684452493062382, -0.7705144737755559, -1.009525304409271, -2.7755582529846596e-17, 0.9845961848051873, 0.17553872752671767, 0.14970157117118696, 0, 0, 0, 1], "fov": 55.25588968822606, "aspect": 1.5838323353293413}, {"camera_to_world": [0.744862140417865, -0.11675148276128289, 0.6568747159263267, 0.22367460049583338, 0.6672183988561142, 0.13033777170356836, -0.7333147702912406, -0.9738690622880279, 0, 0.9845715598880512, 0.17539970139487862, 0.14970157117118693, 0, 0, 0, 1], "fov": 55.25588968822606, "aspect": 1.5838323353293413}, {"camera_to_world": [0.705385479148409, -0.1241269365369452, 0.697852206826392, 0.26412899951485697, 0.7088239032415383, 0.12352481089298326, -0.6944670051840349, -0.936531620749453, -1.387778796549063e-17, 0.9845476751888687, 0.17526515951053165, 0.1497015711711869, 0, 0, 0, 1], "fov": 55.25588968822606, "aspect": 1.5838323353293413}, {"camera_to_world": [0.6647643078880575, -0.13087588809305403, 0.7354993979657137, 0.30114225776779135, 0.7470531540379922, 0.11645974412550221, -0.654483212604033, -0.8978029688457965, -2.77555756157432e-17, 0.9845347276323355, 0.17519235146425952, 0.1497015711711869, 0, 0, 0, 1], "fov": 55.25588968822606, "aspect": 1.5838323353293413}, {"camera_to_world": [0.6188028155792871, -0.13757389887811697, 0.773389154104704, 0.3378593474521714, 0.7855463547309903, 0.10837185541412381, -0.6092261560584311, -0.853451074506088, 1.387778790906566e-17, 0.9845450539724294, 0.1752504125172852, 0.14970157117118696, 0, 0, 0, 1], "fov": 55.25588968822606, "aspect": 1.5838323353293413}, {"camera_to_world": [0.5684270122924915, -0.1439501639242047, 0.809976647950019, 0.3727962287431215, 0.8227336942755119, 0.09945522125540779, -0.5596131642892658, -0.8045456112249757, 2.7755578524928716e-17, 0.9845745321057379, 0.17541646481960088, 0.14970157117118696, 0, 0, 0, 1], "fov": 55.25588968822606, "aspect": 1.5838323353293413}, {"camera_to_world": [0.5144503998882154, -0.14987197757685128, 0.8441942539835727, 0.40523559609933396, 0.8575201374048632, 0.08991240605705632, -0.5064558283838148, -0.7522076734725072, 0, 0.9846086276151732, 0.17560909838952915, 0.14970157117118696, 0, 0, 0, 1], "fov": 55.25588968822606, "aspect": 1.5838323353293413}, {"camera_to_world": [0.45730521461196627, -0.1552901531524824, 0.8754651886531784, 0.43491729198365486, 0.8893098114204653, 0.07985405749779272, -0.450185965386881, -0.6970499495867752, 4.163339163618145e-17, 0.9846361245836037, 0.1757648998666598, 0.14970157117118693, 0, 0, 0, 1], "fov": 55.25588968822606, "aspect": 1.5838323353293413}, {"camera_to_world": [0.39756252466843045, -0.16015588372999023, 0.903277866769809, 0.4615811588589322, 0.9175750862895439, 0.06939157179351159, -0.39136789408948847, -0.6396851279058703, 5.55111995534337e-17, 0.9846496344744621, 0.17584159598838434, 0.14970157117118693, 0, 0, 0, 1], "fov": 55.25588968822606, "aspect": 1.5838323353293413}, {"camera_to_world": [0.3359054117656158, -0.1644209346649926, 0.9272231600408158, 0.4849670391880133, 0.9418957237117982, 0.05863693864527086, -0.33067277993866995, -0.5807258967678822, 4.8572296872054873e-17, 0.984645857996773, 0.17582014700129095, 0.14970157117118693, 0, 0, 0, 1], "fov": 55.25588968822606, "aspect": 1.5838323353293413}, {"camera_to_world": [0.27308912185292633, -0.16803779007118164, 0.947022812960516, 0.5048147754337451, 0.9619887377332427, 0.04770252574554603, -0.2688405988779784, -0.5207849445109044, 4.1633386131393843e-17, 0.9846257005306579, 0.1757057885423283, 0.14970157117118693, 0, 0, 0, 1], "fov": 55.25588968822606, "aspect": 1.5838323353293413}, {"camera_to_world": [0.2098932352013263, -0.17095973962592076, 0.9625446398634713, 0.5208642100589753, 0.9777243117651931, 0.03670082906548246, -0.20663453496608838, -0.46047495947302597, 6.245005972500484e-17, 0.9845942395590904, 0.17552773350513276, 0.14970157117118696, 0, 0, 0, 1], "fov": 55.25588968822606, "aspect": 1.5838323353293413}, {"camera_to_world": [0.1470725147857317, -0.17314089475516484, 0.973802538138202, 0.5328551855265504, 0.989125712634446, 0.025744216815547123, -0.14479412107007256, -0.4004086299923402, 5.898060079932075e-17, 0.9845605445395093, 0.1753376149579465, 0.14970157117118696, 0, 0, 0, 1], "fov": 55.25588968822606, "aspect": 1.5838323353293413}, {"camera_to_world": [0.08531305177409702, -0.1745361265987849, 0.9809421908682145, 0.5405275442993187, 0.99635419565383, 0.014944695039098194, -0.0839933954029458, -0.3411986444069361, 2.6020852153672796e-17, 0.9845373515525357, 0.1752070994661806, 0.14970157117118696, 0, 0, 0, 1], "fov": 55.25588968822606, "aspect": 1.5838323353293413}, {"camera_to_world": [0.03226217691652019, -0.17508593230726574, 0.9840195099389061, 0.5435425116782221, 0.9994794404791962, 0.005651595315440023, -0.03176314612708363, -0.29024499375887985, 4.5970172131493203e-17, 0.9845369346949284, 0.17520475623596696, 0.14970157117118693, 0, 0, 0, 1], "fov": 55.25588968822606, "aspect": 1.5838323353293413}, {"camera_to_world": [-0.016141753335135615, -0.17508341961056376, 0.9843911233077154, 0.5435164389180637, 0.9998697134123362, -0.0028265216302839615, 0.015891869195139238, -0.2437600241248525, 2.8622937777552456e-17, 0.9845495451997043, 0.1752756824161837, 0.14970157117118693, 0, 0, 0, 1], "fov": 55.25588968822606, "aspect": 1.5838323353293413}, {"camera_to_world": [-0.06557524815237582, -0.17463549234516126, 0.98238360407774, 0.5410442405994702, 0.9978476270602412, -0.011476467384588908, 0.0645590036707418, -0.1963344018799213, 1.7347235904569426e-17, 0.9845662677086462, 0.1753698648122629, 0.14970157117118693, 0, 0, 0, 1], "fov": 55.25588968822606, "aspect": 1.5838323353293413}, {"camera_to_world": [-0.11563461902233083, -0.1737552568650789, 0.9778835897979956, 0.5362037359646519, 0.9932918175861313, -0.020227814802248074, 0.11384086162038197, -0.14835422276058857, 1.0408342334690803e-17, 0.9845811019007406, 0.1754535352431361, 0.14970157117118693, 0, 0, 0, 1], "fov": 55.25588968822606, "aspect": 1.5838323353293413}, {"camera_to_world": [-0.16588586358378207, -0.17245616778442993, 0.970838852729723, 0.5290727442558192, 0.9861449590516916, -0.029009974710797266, 0.16331112379322776, -0.10020558250335651, 3.469447649131411e-18, 0.9845899103486626, 0.1755032731199845, 0.14970157117118693, 0, 0, 0, 1], "fov": 55.25588968822606, "aspect": 1.5838323353293413}, {"camera_to_world": [-0.21588070313166732, -0.1707520554075458, 0.9612639831895919, 0.5197290847151826, 0.9764197468380987, -0.037752282153169656, 0.21252985230800048, -0.05227457684472999, -1.3877790658762125e-17, 0.9845905244142491, 0.17550674203693564, 0.14970157117118693, 0, 0, 0, 1], "fov": 55.25588968822606, "aspect": 1.5838323353293413}, {"camera_to_world": [-0.26517444987721417, -0.16865713030021692, 0.9492418511770944, 0.5082505765849524, 0.9642004517382868, -0.046384091258825665, 0.2610605349048699, -0.004947301521210316, -1.3877789925983946e-17, 0.9845827991982129, 0.1754631160360091, 0.14970157117118693, 0, 0, 0, 1], "fov": 55.25588968822606, "aspect": 1.5838323353293413}, {"camera_to_world": [-0.3133439680388346, -0.166185965907409, 0.9349205320835557, 0.4947150391073392, 0.9496396988825172, -0.05483487058414998, 0.3084872185406413, 0.04139014773069759, -2.775557772834672e-17, 0.9845686170620315, 0.1753831083247748, 0.14970157117118696, 0, 0, 0, 1], "fov": 55.25588968822606, "aspect": 1.5838323353293413}, {"camera_to_world": [-0.3600039471722503, -0.1633534608169209, 0.9185059906318623, 0.47920029152455323, 0.9329507800631284, -0.06303429069897962, 0.3544300398210223, 0.08635167517449246, -2.0816682121138193e-17, 0.98455183968911, 0.17528859645125172, 0.14970157117118693, 0, 0, 0, 1], "fov": 55.25588968822606, "aspect": 1.5838323353293413}, {"camera_to_world": [-0.40481995979593677, -0.16017478289468262, 0.900251379494499, 0.46178415307880505, 0.9143964130238134, -0.07091229607662473, 0.39855769561478877, 0.12955118507366942, -2.7755575640836914e-17, 0.9845382091060673, 0.17521192021229837, 0.14970157117118693, 0, 0, 0, 1], "fov": 55.25588968822606, "aspect": 1.5838323353293413}, {"camera_to_world": [-0.45172938923205513, -0.15629034951518567, 0.8783560961385551, 0.4404880037771135, 0.8921550083388171, -0.0791352886768157, 0.44474251573806717, 0.17463847741742533, -2.775557561928067e-17, 0.9845358971284176, 0.17519892428668657, 0.14970157117118696, 0, 0, 0, 1], "fov": 55.25588968822606, "aspect": 1.5838323353293413}, {"camera_to_world": [-0.5083105397397366, -0.15075573082533056, 0.8478350127916939, 0.4101232870138077, 0.8611738472512374, -0.08898403864594612, 0.5004372512448858, 0.22862785023104956, -1.3877788311046516e-17, 0.9845580483087716, 0.17532355418189258, 0.14970157117118696, 0, 0, 0, 1], "fov": 55.25588968822606, "aspect": 1.5838323353293413}, {"camera_to_world": [-0.5642812144858792, -0.1443588411539392, 0.8127653758814243, 0.3750213716913773, 0.8255826493927434, -0.09866847646088009, 0.5555206783134139, 0.28170641438800476, -1.387779100819132e-17, 0.9845938536948016, 0.17552555293897115, 0.14970157117118696, 0, 0, 0, 1], "fov": 55.25588968822606, "aspect": 1.5838323353293413}, {"camera_to_world": [-0.618900978538012, -0.13718920895401396, 0.7732466466749557, 0.33568600504960294, 0.7854690183353455, -0.10809660684827334, 0.6092705060380248, 0.3333763311759893, 1.3877795934258613e-17, 0.9846289882663732, 0.17572442595753532, 0.14970157117118696, 0, 0, 0, 1], "fov": 55.25588968822606, "aspect": 1.5838323353293413}, {"camera_to_world": [-0.6714074799176671, -0.12933728312032447, 0.7295385504084265, 0.2926209343282676, 0.7410883860313879, -0.11717633275059437, 0.66094361868972, 0.3831397618826987, -4.163340183706845e-17, 0.9846530222561526, 0.17586084379790054, 0.14970157117118696, 0, 0, 0, 1], "fov": 55.25588968822606, "aspect": 1.5838323353293413}, {"camera_to_world": [-0.7210685315712823, -0.12089441221722795, 0.6820607141267625, 0.24632990676715116, 0.6928637476283737, -0.12581572724945958, 0.7098257330698656, 0.4304988677958321, 2.7755604254276446e-17, 0.9846598112400752, 0.17589943410005246, 0.14970157117118696, 0, 0, 0, 1], "fov": 55.25588968822606, "aspect": 1.5838323353293413}, {"camera_to_world": [-0.7672343018722775, -0.11195272762459212, 0.6313746892504241, 0.1973166696060369, 0.6413669199690293, -0.13392329748765164, 0.7552811095250545, 0.4749558102030852, 0, 0.9846477223695019, 0.17583073499400842, 0.14970157117118693, 0, 0, 0, 1], "fov": 55.25588968822606, "aspect": 1.5838323353293413}, {"camera_to_world": [-0.8093819139554328, -0.10260495052632278, 0.5781497041137473, 0.14608497008470434, 0.5872826554239791, -0.14140821369625411, 0.7967950521721564, 0.5160127503921572, -1.3877794410600174e-17, 0.9846196937024596, 0.1756717520466986, 0.14970157117118696, 0, 0, 0, 1], "fov": 55.25588968822606, "aspect": 1.5838323353293413}, {"camera_to_world": [-0.8471458338564526, -0.09294414660782972, 0.5231167600074236, 0.09313855544293702, 0.5313604578623211, -0.14818047789428768, 0.8340029396308583, 0.5531718496507437, -4.1633369864268465e-17, 0.9845831257859149, 0.1754649597111132, 0.14970157117118696, 0, 0, 0, 1], "fov": 55.25588968822606, "aspect": 1.5838323353293413}, {"camera_to_world": [-0.8803302574446245, -0.08306345482676065, 0.4670178644525904, 0.03898117292051437, 0.47436129461359017, -0.15415100979401705, 0.8667021561691491, 0.5859352692665436, 1.387778801504909e-17, 0.9845496070039983, 0.17527603023200156, 0.149701571171187, 0, 0, 0, 1], "fov": 55.25588968822606, "aspect": 1.5838323353293413}, {"camera_to_world": [-0.9089033534716439, -0.0730558175763082, 0.41055759835406436, -0.015883430242779994, 0.4170068273397931, -0.15923163179199787, 0.894846687086038, 0.613805170527253, -1.3877787807814454e-17, 0.9845344762653643, 0.1751909388207198, 0.14970157117118696, 0, 0, 0, 1], "fov": 55.25588968822606, "aspect": 1.5838323353293413}, {"camera_to_world": [-0.9267018857709166, -0.0658254482517835, 0.3699834750790528, -0.05552922875854041, 0.3757973056165078, -0.16232305584674217, 0.9123652004299362, 0.6307507271089774, -1.3877787831619438e-17, 0.9845396060611412, 0.17521977403498132, 0.14970157117118696, 0, 0, 0, 1], "fov": 55.25588968822606, "aspect": 1.5838323353293413}, {"camera_to_world": [-0.9429728520112571, -0.05828500311661238, 0.32771616672771875, -0.09687673634226718, 0.3328696447105916, -0.16511321020618183, 0.9283737742385996, 0.6460385974277958, -1.3877788052175148e-17, 0.9845509058586589, 0.1752833402559062, 0.14970157117118696, 0, 0, 0, 1], "fov": 55.25588968822606, "aspect": 1.5838323353293413}, {"camera_to_world": [-0.9574898730556155, -0.05049023766858111, 0.2839972985558796, -0.139617959510222, 0.28846688370754364, -0.1675890508972602, 0.942654261894728, 0.6596018872633035, -1.3877788553997873e-17, 0.9845631751794934, 0.17535243638075937, 0.14970157117118696, 0, 0, 0, 1], "fov": 55.25588968822606, "aspect": 1.5838323353293413}, {"camera_to_world": [-0.9700581263753161, -0.042497127680722, 0.23910744558689406, -0.18344490477866576, 0.24287287097000199, -0.16973770635496604, 0.9550186471714207, 0.6713737023950944, -2.081668368279386e-17, 0.9845725494752755, 0.17540528218893486, 0.14970157117118696, 0, 0, 0, 1], "fov": 55.25588968822606, "aspect": 1.5838323353293413}, {"camera_to_world": [-0.9805228997582054, -0.03436182805092774, 0.1933589980647049, -0.22804957866386014, 0.1964047938563619, -0.1715465219557172, 0.9653171990058553, 0.6812871486027642, -1.3877789415747538e-17, 0.9845765869539531, 0.17542805696610644, 0.14970157117118696, 0, 0, 0, 1], "fov": 55.25588968822606, "aspect": 1.5838323353293413}, {"camera_to_world": [-0.9887763483211687, -0.026140618764328223, 0.14708668846474365, -0.2731239876820676, 0.1494032563254731, -0.17300309377688816, 0.973444905310447, 0.6892753316659075, 0, 0.9845743230423202, 0.1754152855415118, 0.14970157117118696, 0, 0, 0, 1], "fov": 55.25588968822606, "aspect": 1.5838323353293413}, {"camera_to_world": [-0.9947617513043774, -0.017889842472932446, 0.10063648018693232, -0.31836013834954974, 0.10222063461869105, -0.1740952900098676, 0.9793455269505448, 0.6952713573641194, 1.3877788725062616e-17, 0.9845662920965118, 0.17537000227389227, 0.14970157117118696, 0, 0, 0, 1], "fov": 55.25588968822606, "aspect": 1.5838323353293413}, {"camera_to_world": [-0.9984748385042873, -0.009665838478094322, 0.05435372793080759, -0.3634500371825675, 0.055208666655131404, -0.17481125877773285, 0.9830128674693295, 0.6992083314769947, 1.2143064650021057e-17, 0.9845545162006316, 0.17530366410816994, 0.14970157117118696, 0, 0, 0, 1], "fov": 55.25588968822606, "aspect": 1.5838323353293413}, {"camera_to_world": [-0.9999620992595433, -0.0015248780091633549, 0.00857160471146833, -0.4080856906973826, 0.008706322096470253, -0.1751394214757946, 0.9844891730777865, 0.7010193597841282, 2.602085224781634e-17, 0.9845424611423224, 0.17523582877164878, 0.14970157117118696, 0, 0, 0, 1], "fov": 55.25588968822606, "aspect": 1.5838323353293413}, {"camera_to_world": [-0.9993163366319215, 0.006476894376413373, -0.03639926615261372, -0.451959105410257, -0.03697106085245705, -0.17506845115479386, 0.9838609027985967, 0.700637548065115, 1.9081958236035727e-17, 0.9845349598919778, 0.17519365675697668, 0.14970157117118696, 0, 0, 0, 1], "fov": 55.25588968822606, "aspect": 1.5838323353293413}, {"camera_to_world": [-0.9966250145658757, 0.014379965463323999, -0.0808190852786996, -0.49529122785538804, -0.08208885637873228, -0.17458439453975722, 0.9812089678953406, 0.6979812983874031, 8.673617384089755e-18, 0.9845372038559335, 0.17520626922708732, 0.14970157117118696, 0, 0, 0, 1], "fov": 55.25588968822606, "aspect": 1.5838323353293413}, {"camera_to_world": [-0.9917886317061476, 0.02239568748313409, -0.1259084055135934, -0.5392398510500683, -0.12788788065507783, -0.17368172911491692, 0.9764375215617539, 0.6930224021058745, 3.469446988295651e-18, 0.9845471497870533, 0.1752622033051165, 0.14970157117118696, 0, 0, 0, 1], "fov": 55.25588968822606, "aspect": 1.5838323353293413}, {"camera_to_world": [-0.9847187396738216, 0.030485516759716745, -0.17145454436816862, -0.5835935181283078, -0.1741522429806757, -0.17237595754230098, 0.9694649919628457, 0.6858512489897673, 0, 0.9845593748115286, 0.17533102570276293, 0.14970157117118696, 0, 0, 0, 1], "fov": 55.25588968822606, "aspect": 1.5838323353293413}, {"camera_to_world": [-0.9753747736769719, 0.03859537487605742, -0.21713519555507577, -0.6280563060449051, -0.2205539636338371, -0.17068364773171982, 0.9602556613919987, 0.6765627832861728, 6.938894466087435e-18, 0.9845696976015313, 0.17538920039692926, 0.14970157117118696, 0, 0, 0, 1], "fov": 55.25588968822606, "aspect": 1.5838323353293413}, {"camera_to_world": [-0.9637654601836128, 0.04667110893484663, -0.2626147110442815, -0.6723322917546575, -0.2667510782678657, -0.1686216343414516, 0.9488208613215873, 0.6652519492421831, -6.938894659999736e-18, 0.9845753155664676, 0.17542088434416747, 0.14970157117118696, 0, 0, 0, 1], "fov": 55.25588968822606, "aspect": 1.5838323353293413}, {"camera_to_world": [-0.9499509138636643, 0.05465855336266943, -0.3075551345256045, -0.7161255522123633, -0.31239920174288105, -0.16620702750728752, 0.9352209591960587, 0.6520136911048894, 0, 0.9845748658946621, 0.17541834769299605, 0.14970157117118696, 0, 0, 0, 1], "fov": 55.25588968822606, "aspect": 1.5838323353293413}, {"camera_to_world": [-0.9340418260784032, 0.06250359421772923, -0.3516277571724223, -0.7591401643728166, -0.35716364195718725, -0.16345720678531273, 0.9195645744046697, 0.6369429531213847, -6.938894427073786e-18, 0.9845684548368431, 0.1753821937536722, 0.14970157117118696, 0, 0, 0, 1], "fov": 55.25588968822606, "aspect": 1.5838323353293413}, {"camera_to_world": [-0.916195731568193, 0.07015223135776819, -0.3945242410039126, -0.8010802051908159, -0.40073105876163817, -0.16038980140094997, 0.90200501734249, 0.6201346795387604, 0, 0.9845576550116758, 0.17532133911552564, 0.14970157117118696, 0, 0, 0, 1], "fov": 55.25588968822606, "aspect": 1.5838323353293413}, {"camera_to_world": [-0.896610680457555, 0.0775506338686793, -0.435966390553561, -0.8416497516211582, -0.4428197011080696, -0.15702265827134437, 0.8827342620771423, 0.6016838146041085, -1.3877787917204646e-17, 0.9845454707508265, 0.17525275707623797, 0.14970157117118696, 0, 0, 0, 1], "fov": 55.25588968822606, "aspect": 1.5838323353293413}, {"camera_to_world": [-0.8755169358707773, 0.08464518436202731, -0.4757138182261716, -0.8805528806186407, -0.4831874325801998, -0.15337379958978675, 0.8619750357758641, 0.5816853025645208, 1.3877787810730087e-17, 0.9845362717359429, 0.175201029813968, 0.14970157117118696, 0, 0, 0, 1], "fov": 55.25588968822606, "aspect": 1.5838323353293413}, {"camera_to_world": [-0.849392235212622, 0.09245144652012226, -0.5195986108435178, -0.9233539146975575, -0.5277620967448364, -0.14879344555570362, 0.8362537366739513, 0.5565707311974908, 1.3877787813895468e-17, 0.9845370691832781, 0.1752055122087777, 0.14970157117118696, 0, 0, 0, 1], "fov": 55.25588968822606, "aspect": 1.5838323353293413}, {"camera_to_world": [-0.8149480864332024, 0.10145254728815606, -0.5705575317293569, -0.9726947651809768, -0.5795339648535377, -0.14266387181836981, 0.8023253111668806, 0.5229459268315667, 2.775557661558662e-17, 0.9845579720496584, 0.17532312468089395, 0.14970157117118696, 0, 0, 0, 1], "fov": 55.25588968822606, "aspect": 1.5838323353293413}, {"camera_to_world": [-0.7763866308907827, 0.11022442542517183, -0.6204756268349665, -1.0207709588324083, -0.6302569312384112, -0.13578076821712856, 0.7643374592036332, 0.48518401167749314, 4.1633371315507276e-17, 0.9845883195640995, 0.17549428754774385, 0.14970157117118696, 0, 0, 0, 1], "fov": 55.25588968822606, "aspect": 1.5838323353293413}, {"camera_to_world": [-0.7338667447437531, 0.11869197650359124, -0.668731724448757, -1.0671770549902897, -0.6792934571738545, -0.12822748917129573, 0.7224565002728762, 0.4437516328346525, 8.326676366713683e-17, 0.9846166389689421, 0.17565445035426636, 0.14970157117118696, 0, 0, 0, 1], "fov": 55.25588968822606, "aspect": 1.5838323353293413}, {"camera_to_world": [-0.6876862981013508, 0.12678011822273957, -0.7147065837039, -1.1115076129930603, -0.7260079582233656, -0.1200881466737638, 0.676981456207101, 0.3991154374024255, 8.326678177844647e-17, 0.9846347742446887, 0.17575723928764148, 0.14970157117118696, 0, 0, 0, 1], "fov": 55.25588968822606, "aspect": 1.5838323353293413}, {"camera_to_world": [-0.6382757762735791, 0.1344140027269797, -0.7578219625919881, -1.153357192179155, -0.769807789920549, -0.1114475626980295, 0.6283378887351745, 0.3517420724801977, 5.551119037892561e-17, 0.9846381653376941, 0.17577647906659927, 0.14970157117118693, 0, 0, 0, 1], "fov": 55.25588968822606, "aspect": 1.5838323353293413}, {"camera_to_world": [-0.5861782286967006, 0.14151921364532116, -0.7975776556611184, -1.1923203518870125, -0.8101821302657809, -0.10239115241155788, 0.5770587130700232, 0.3020981851673497, 8.326677256446506e-17, 0.9846260021333192, 0.17570749801896057, 0.14970157117118693, 0, 0, 0, 1], "fov": 55.25588968822606, "aspect": 1.5838323353293413}, {"camera_to_world": [-0.5320173604330641, 0.1480219294807929, -0.8335814895317413, -1.2279916514550715, -0.8467334457772618, -0.09300475444936677, 0.5237537574288743, 0.25065042256326403, 1.5265571042930455e-16, 0.9846012512903871, 0.1755673713683135, 0.14970157117118693, 0, 0, 0, 1], "fov": 55.25588968822606, "aspect": 1.5838323353293413}, {"camera_to_world": [-0.476457805777664, 0.1538490363564534, -0.8655682975222461, -1.2599656502217693, -0.8791973380951138, -0.08337442699977059, 0.4690719067481326, 0.19786543176732285, 1.3877788987684761e-16, 0.9845705555899235, 0.1753940381658161, 0.14970157117118693, 0, 0, 0, 1], "fov": 55.25588968822606, "aspect": 1.5838323353293413}, {"camera_to_world": [-0.42016292782777, 0.15892817542692744, -0.8934058609246907, -1.287836907525545, -0.9074486839922113, -0.07358622992093763, 0.4136608812006712, 0.14420985987890667, 1.3877787890009545e-16, 0.9845440070517371, 0.175244523536961, 0.14970157117118693, 0, 0, 0, 1], "fov": 55.25588968822606, "aspect": 1.5838323353293413}, {"camera_to_world": [-0.36624172605441924, 0.16301810046214632, -0.9161286771349768, -1.3102701989769785, -0.9305197462153504, -0.06416202421732568, 0.3605775690054138, 0.09254106651072971, 1.2490009027041294e-16, 0.9845345771327936, 0.17519150567611344, 0.1497015711711869, 0, 0, 0, 1], "fov": 55.25588968822606, "aspect": 1.5838323353293413}, {"camera_to_world": [-0.32646237857858273, 0.16556422138242524, -0.9305870348687572, -1.324225735349491, -0.9452101963969783, -0.05718356586297005, 0.3214117431611492, 0.054276724601889335, 1.2490009049716433e-16, 0.9845397546027417, 0.17522060921103455, 0.1497015711711869, 0, 0, 0, 1], "fov": 55.25588968822606, "aspect": 1.5838323353293413}, {"camera_to_world": [-0.28528531780988925, 0.16783077644719066, -0.9436056293005001, -1.3366442371362053, -0.9584426364901086, -0.04995568286940592, 0.28086900727623454, 0.01464400502703112, 1.0408341004387907e-16, 0.9845492675464161, 0.1752741198924405, 0.1497015711711869, 0, 0, 0, 1], "fov": 55.25588968822606, "aspect": 1.5838323353293413}, {"camera_to_world": [-0.24293592395106905, 0.16980864123541406, -0.95501625556691, -1.3474794074001684, -0.9700423376605992, -0.0425266171916657, 0.2391728148628633, -0.026091063153872558, 9.714451848161489e-17, 0.9845590445433001, 0.17532916538195495, 0.1497015711711869, 0, 0, 0, 1], "fov": 55.25588968822606, "aspect": 1.5838323353293413}, {"camera_to_world": [-0.19966954227864525, 0.17148884754957944, -0.9646781291338666, -1.356684949204425, -0.979863293468143, -0.03494477232117079, 0.1965752179659961, -0.0676624508808448, 9.020562664726706e-17, 0.9845661166491252, 0.17536901337580812, 0.1497015711711869, 0, 0, 0, 1], "fov": 55.25588968822606, "aspect": 1.5838323353293413}, {"camera_to_world": [-0.15576509995822765, 0.17286261396420313, -0.9724835145295037, -1.3642145656120224, -0.9877941251267914, -0.027258678360451243, 0.15335077218542184, -0.10980412909391321, 8.326673320760661e-17, 0.9845686777200992, 0.17538345029813793, 0.1497015711711869, 0, 0, 0, 1], "fov": 55.25588968822606, "aspect": 1.5838323353293413}, {"camera_to_world": [-0.11151713166164157, 0.17392136797932262, -0.9783619435998867, -1.3700219596860062, -0.9937625115418472, -0.019516948834818408, 0.10978892482861963, -0.15225006873310387, 6.245004921844263e-17, 0.9845661209225005, 0.17536903746222607, 0.1497015711711869, 0, 0, 0, 1], "fov": 55.25588968822606, "aspect": 1.5838323353293413}, {"camera_to_world": [-0.0672267681143391, 0.17465675886676274, -0.9822826280167317, -1.3740608344894227, -0.997737721873289, -0.011768232442783215, 0.06618541627597282, -0.19473424073844292, 4.1633365064437964e-17, 0.984559051193645, 0.17532920284116787, 0.1497015711711869, 0, 0, 0, 1], "fov": 55.25588968822606, "aspect": 1.5838323353293413}, {"camera_to_world": [-0.023192364982143474, 0.17506066051857297, -0.9842548499340965, -1.3762848930853184, -0.9997310209283968, -0.004061163100642274, 0.02283333940555133, -0.23699061604995791, 2.4286129010521043e-17, 0.9845492735729741, 0.1752741538071141, 0.1497015711711869, 0, 0, 0, 1], "fov": 55.25588968822606, "aspect": 1.5838323353293413}, {"camera_to_world": [0.020299513613026215, 0.1751251638504457, -0.9843263247869207, -1.3766478385367389, -0.9997939436439265, 0.0035556883197440693, -0.019985463761509295, -0.278753165607672, 1.3010426093480425e-18, 0.9845397574841391, 0.17522062541182407, 0.1497015711711869, 0, 0, 0, 1], "fov": 55.25588968822606, "aspect": 1.5838323353293413}, {"camera_to_world": [0.0629820984391658, 0.17484255857267306, -0.982579736744498, -1.3751033739067309, -0.998014656844377, 0.011033857228308042, -0.062008040943652656, -0.31975586035161274, -6.938893903911837e-18, 0.9845345772020537, 0.17519150606534364, 0.1497015711711869, 0, 0, 0, 1], "fov": 55.25588968822606, "aspect": 1.5838323353293413}, {"camera_to_world": [0.11004773824384761, 0.17410465633680716, -0.978550756278641, -1.3710537164598, -0.9939263027545924, 0.019276905736861957, -0.10834535436563428, -0.36495184978344225, -3.469446955533633e-18, 0.9845384550879942, 0.1752133030733817, 0.14970157117118693, 0, 0, 0, 1], "fov": 55.25588968822606, "aspect": 1.5838323353293413}, {"camera_to_world": [0.15853871217924928, 0.17289193226082034, -0.9720679969931678, -1.3643937858950417, -0.9873527620564725, 0.027761166363400213, -0.15608444551567957, -0.4114689256813028, -2.775557602368617e-17, 0.9845494895642696, 0.17527536931854773, 0.14970157117118693, 0, 0, 0, 1], "fov": 55.25588968822606, "aspect": 1.5838323353293413}, {"camera_to_world": [0.20737188511484078, 0.1712302037908053, -0.9631056818205246, -1.3552705958640752, -0.9782621843166162, 0.03629735536951442, -0.20415901177193635, -0.45826933514259266, -1.387778850394383e-17, 0.9845621967671411, 0.17534692343274394, 0.14970157117118693, 0, 0, 0, 1], "fov": 55.25588968822606, "aspect": 