{
  "keyframes": [],
  "render_height": 1080,
  "render_width": 1920,
  "camera_path": [
    {
      "camera_to_world": [
        -0.5939377256680682,
        0.11780197285346705,
        -0.7958396026964691,
        -2.2557895633862683,
        -0.8045110179657223,
        -0.08696839977744197,
        0.587535972866265,
        1.9082816689252073,
        0,
        0.9892215083751374,
        0.1464267986675184,
        0.1900151177061624,
        0,
        0,
        0,
        1
      ],
      "fov": 53.335174575529805,
      "aspect": 1.6505914467697906
    },
    {
      "camera_to_world": [
        -0.5892124404133524,
        0.11776151817023739,
        -0.7993162990904492,
        -2.2409720096744588,
        -0.8079781394185512,
        -0.08607527499944437,
        0.5828665280135489,
        1.8940233355884508,
        -0.00016212303300780116,
        0.9893044384172199,
        0.14615082801605464,
        0.1869744172713193,
        0,
        0,
        0,
        1
      ],
      "fov": 53.335174575529805,
      "aspect": 1.6505914467697906
    },
    {
      "camera_to_world": [
        -0.5844379172887406,
        0.11772191823205881,
        -0.8027877449636173,
        -2.226106896283005,
        -0.8114383631074847,
        -0.08518179852625507,
        0.5781494266016017,
        1.87980698910349,
        -0.0003220444767007303,
        0.9893864822037932,
        0.14585978560408336,
        0.18387021087845928,
        0,
        0,
        0,
        1
      ],
      "fov": 53.335174575529805,
      "aspect": 1.6505914467697906
    },
    {
      "camera_to_world": [
        -0.5796155017222526,
        0.11768312641367544,
        -0.8062521664006657,
        -2.211196562212545,
        -0.8148899558985643,
        -0.08428798617209589,
        0.5733859578877213,
        1.8656305645431872,
        -0.00047951944387810764,
        0.9894676433034864,
        0.14555407061093642,
        0.18070562177141916,
        0,
        0,
        0,
        1
      ],
      "fov": 53.335174575529805,
      "aspect": 1.6505914467697906
    },
    {
      "camera_to_world": [
        -0.5747465650093612,
        0.1176450960766262,
        -0.8097078222808936,
        -2.196243346463718,
        -0.8183312187997028,
        -0.0833938536271025,
        0.5685774360746002,
        1.851491996980405,
        -0.0006343088624206397,
        0.9895479253408309,
        0.1452340928431285,
        0.17748377319403588,
        0,
        0,
        0,
        1
      ],
      "fov": 53.335174575529805,
      "aspect": 1.6505914467697906
    },
    {
      "camera_to_world": [
        -0.5698325025166706,
        0.11760778057024776,
        -0.813153006188765,
        -2.1812495880371614,
        -0.8217604888269656,
        -0.0824994164568053,
        0.5637251986404432,
        1.8373892214880059,
        -0.0007861796582949377,
        0.9896273319960533,
        0.14490027240818767,
        0.17420778839014636,
        0,
        0,
        0,
        1
      ],
      "fov": 53.335174575529805,
      "aspect": 1.6505914467697906
    },
    {
      "camera_to_world": [
        -0.5648747318184926,
        0.1175711332326418,
        -0.8165860482329104,
        -2.1662176259335135,
        -0.8251761407758712,
        -0.08160469010162158,
        0.5588306046025073,
        1.8233201731388522,
        -0.0009349049285546098,
        0.9897058670048443,
        0.144553039369483,
        0.1708807906035875,
        0,
        0,
        0,
        1
      ],
      "fov": 53.335174575529805,
      "aspect": 1.6505914467697906
    },
    {
      "camera_to_world": [
        -0.5598746907725151,
        0.11753510739160498,
        -0.82000531676888,
        -2.1511497991534134,
        -0.8285765888931732,
        -0.08070968987635894,
        0.5538950327198069,
        1.809282787005807,
        -0.0010802641039079955,
        0.9897835341581036,
        0.14419283338326117,
        0.16750590307819616,
        0,
        0,
        0,
        1
      ],
      "fov": 53.335174575529805,
      "aspect": 1.6505914467697906
    },
    {
      "camera_to_world": [
        -0.5548338355409973,
        0.11749965636552252,
        -0.82340922002137,
        -2.1360484466974974,
        -0.8319602884450231,
        -0.07981443096972976,
        0.54891987964097,
        1.7952749981617322,
        -0.001222043100461246,
        0.9898603373016631,
        0.14382010331918926,
        0.16408624905780927,
        0,
        0,
        0,
        1
      ],
      "fov": 53.335174575529805,
      "aspect": 1.6505914467697906
    },
    {
      "camera_to_world": [
        -0.549753638564119,
        0.11746473346422508,
        -0.8267962076020817,
        -2.120915907566406,
        -0.8353257371778859,
        -0.07891892844387755,
        0.543906558003427,
        1.7812947416794906,
        -0.0013600344602904472,
        0.9899362803359864,
        0.143435306865778,
        0.1606249517862637,
        0,
        0,
        0,
        1
      ],
      "fov": 53.335174575529805,
      "aspect": 1.6505914467697906
    },
    {
      "camera_to_world": [
        -0.5446355864922608,
        0.1174302919898084,
        -0.8301647719198345,
        -2.1057545207607755,
        -0.8386714766690457,
        -0.07802319723391406,
        0.5388564944902877,
        1.7673399526319449,
        -0.0014940374805390367,
        0.9900113672158448,
        0.14303891012213366,
        0.1571251345073964,
        0,
        0,
        0,
        1
      ],
      "fov": 53.335174575529805,
      "aspect": 1.6505914467697906
    },
    {
      "camera_to_world": [
        -0.53948117808411,
        0.11739628523741633,
        -0.8335134494800179,
        -2.090566625281246,
        -0.8419960935640393,
        -0.07712725214746824,
        0.5337711278513768,
        1.753408566091957,
        -0.0016238583307856098,
        0.9900856019499709,
        0.14263138717754403,
        0.15358992046504422,
        0,
        0,
        0,
        1
      ],
      "fov": 53.335174575529805,
      "aspect": 1.6505914467697906
    },
    {
      "camera_to_world": [
        -0.5342919220775542,
        0.11736266649598666,
        -0.8368408220709587,
        -2.075354560128454,
        -0.8452982206988502,
        -0.07623110786424636,
        0.5286519068949991,
        1.73949851713239,
        -0.0017493101584723438,
        0.9901589886006902,
        0.14221321968046133,
        0.15002243290304407,
        0,
        0,
        0,
        1
      ],
      "fov": 53.335174575529805,
      "aspect": 1.6505914467697906
    },
    {
      "camera_to_world": [
        -0.5290693350403546,
        0.11732938904895977,
        -0.840145517835256,
        -2.0601206643030388,
        -0.8485765381052023,
        -0.07533477893560359,
        0.5235002884570368,
        1.7256077408261061,
        -0.001870213182234796,
        0.9902315312835284,
        0.14178489639848474,
        0.14642579506523287,
        0,
        0,
        0,
        1
      ],
      "fov": 53.335174575529805,
      "aspect": 1.6505914467697906
    },
    {
      "camera_to_world": [
        -0.523814939207577,
        0.11729640617495023,
        -0.8434262122246439,
        -2.0448672768056384,
        -0.8518297738977947,
        -0.0744382797841273,
        0.5183177353540035,
        1.711734172245968,
        -0.0019863947730214054,
        0.9903032341667986,
        0.1413469127709817,
        0.14280313019544752,
        0,
        0,
        0,
        1
      ],
      "fov": 53.335174575529805,
      "aspect": 1.6505914467697906
    },
    {
      "camera_to_world": [
        -0.5185302603127095,
        0.11726367114838082,
        -0.8466816288374209,
        -2.0295967366368908,
        -0.8550567050428287,
        -0.07354162470323132,
        0.5131057143266433,
        1.6978757464648382,
        -0.0020976895229402135,
        0.990374101471163,
        0.1408997704560122,
        0.1391575615375249,
        0,
        0,
        0,
        1
      ],
      "fov": 53.335174575529805,
      "aspect": 1.6505914467697906
    },
    {
      "camera_to_world": [
        -0.5132168254193026,
        0.11723113724007962,
        -0.849910540137983,
        -2.014311382797434,
        -0.8582561580076702,
        -0.07264482785676223,
        0.5078656939805961,
        1.6840303985555791,
        -0.002203939301819547,
        0.9904441374691755,
        0.14044397687323495,
        0.1354922123353019,
        0,
        0,
        0,
        1
      ],
      "fov": 53.335174575529805,
      "aspect": 1.6505914467697906
    },
    {
      "camera_to_world": [
        -0.5078761607598329,
        0.11719875771783934,
        -0.8531117680584736,
        -1.999013554287907,
        -0.8614270092919842,
        -0.07174790327861677,
        0.5025991427305448,
        1.6701960635910533,
        -0.002304993301517675,
        0.9905133464847998,
        0.1399800447444802,
        0.13181020583261546,
        0,
        0,
        0,
        1
      ],
      "fov": 53.335174575529805,
      "aspect": 1.6505914467697906
    },
    {
      "camera_to_world": [
        -0.5025097895883364,
        0.11716648584693923,
        -0.8562841844830427,
        -1.9837055901089478,
        -0.8645681858411502,
        -0.07085086487237101,
        0.497307526754128,
        1.656370676644123,
        -0.0024007080680632253,
        0.9905817328929077,
        0.1395084916336738,
        0.12811466527330242,
        0,
        0,
        0,
        1
      ],
      "fov": 53.335174575529805,
      "aspect": 1.6505914467697906
    },
    {
      "camera_to_world": [
        -0.4971192300531454,
        0.11713427489062953,
        -0.8594267116156575,
        -1.9683898292611943,
        -0.8676786653432316,
        -0.06995372641092089,
        0.49199230796171867,
        1.6425521727876515,
        -0.0024909475217550947,
        0.9906493011187523,
        0.13902983948778255,
        0.12440871390119973,
        0,
        0,
        0,
        1
      ],
      "fov": 53.335174575529805,
      "aspect": 1.6505914467697906
    },
    {
      "camera_to_world": [
        -0.4917059930958395,
        0.11710207811057828,
        -0.8625383222328579,
        -1.9530686107452848,
        -0.8707574764112122,
        -0.06905650153613437,
        0.48665494198797765,
        1.6287384870945005,
        -0.002575582965394818,
        0.9907160556374232,
        0.1385446141804323,
        0.12069547496014428,
        0,
        0,
        0,
        1
      ],
      "fov": 53.335174575529805,
      "aspect": 1.6505914467697906
    },
    {
      "camera_to_world": [
        -0.4862715803822554,
        0.11706984876728033,
        -0.8656180398232668,
        -1.937744273561858,
        -0.8738036986526364,
        -0.06815920375851514,
        0.4812968762108468,
        1.6149275546375328,
        -0.0026544930808680527,
        0.9907820009732773,
        0.13805334505982192,
        0.11697807169397298,
        0,
        0,
        0,
        1
      ],
      "fov": 53.335174575529805,
      "aspect": 1.6505914467697906
    },
    {
      "camera_to_world": [
        -0.4808174822711146,
        0.1170375401204288,
        -0.8686649386160769,
        -1.9224191567115516,
        -0.8768164626291863,
        -0.06726184645687786,
        0.47591954780339857,
        1.6011173104896108,
        -0.00272756391433182,
        0.9908471416993494,
        0.13755656450252055,
        0.1132596273465227,
        0,
        0,
        0,
        1
      ],
      "fov": 53.335174575529805,
      "aspect": 1.6505914467697906
    },
    {
      "camera_to_world": [
        -0.4753451758255131,
        0.11700510542924861,
        -0.8716781435011043,
        -1.907095599195004,
        -0.8797949497091025,
        -0.066364442878035,
        0.47052438182366635,
        1.5873056897235975,
        -0.0027946888503043803,
        0.9909114824367404,
        0.13705480747469162,
        0.10954326516163035,
        0,
        0,
        0,
        1
      ],
      "fov": 53.335174575529805,
      "aspect": 1.6505914467697906
    },
    {
      "camera_to_world": [
        -0.4698561228721824,
        0.11697249795279221,
        -0.8746568298433631,
        -1.8917759400128535,
        -0.8827383918156991,
        -0.06546700613649509,
        0.4651127893472806,
        1.5734906274123552,
        -0.002855768574989679,
        0.990975027853986,
        0.13654861110223865,
        0.10583210838313284,
        0,
        0,
        0,
        1
      ],
      "fov": 53.335174575529805,
      "aspect": 1.6505914467697906
    },
    {
      "camera_to_world": [
        -0.4643517681130874,
        0.11693967095019757,
        -0.877600223195435,
        -1.8764625181657384,
        -0.8856460710755476,
        -0.06456954921417275,
        0.45968616564741066,
        1.5596700586287457,
        -0.002910711029203452,
        0.9910377826664017,
        0.13603851425131144,
        0.10212928025486705,
        0,
        0,
        0,
        1
      ],
      "fov": 53.335174575529805,
      "aspect": 1.6505914467697906
    },
    {
      "camera_to_world": [
        -0.4588335372935437,
        0.11690657768090787,
        -0.8805075989112132,
        -1.8611576726542964,
        -0.8885173193701803,
        -0.06367208496011013,
        0.45424588842617125,
        1.5458419184456322,
        -0.002959431351298535,
        0.9910997516354095,
        0.13552505712055035,
        0.09843790402066992,
        0,
        0,
        0,
        1
      ],
      "fov": 53.335174575529805,
      "aspect": 1.6505914467697906
    },
    {
      "camera_to_world": [
        -0.4533028354306756,
        0.11687317140485368,
        -0.8833782816648643,
        -1.8458637424791666,
        -0.8913515177954305,
        -0.06277462609020998,
        0.44879331610130413,
        1.5320041419358774,
        -0.0030018518105152914,
        0.9911609395678413,
        0.13500878084638138,
        0.09476110292437828,
        0,
        0,
        0,
        1
      ],
      "fov": 53.335174575529805,
      "aspect": 1.6505914467697906
    },
    {
      "camera_to_world": [
        -0.4477610451056298,
        0.11683940538259667,
        -0.8862116448790938,
        -1.8305830666409866,
        -0.8941480960327464,
        -0.06187718518698011,
        0.4433297861515754,
        1.5181546641723433,
        -0.0030379017312092576,
        0.9912213513152234,
        0.13449022712260325,
        0.09110200020982909,
        0,
        0,
        0,
        1
      ],
      "fov": 53.335174575529805,
      "aspect": 1.6505914467697906
    },
    {
      "camera_to_world": [
        -0.4422095248225779,
        0.11680523287543558,
        -0.8890071100670085,
        -1.815317984140395,
        -0.8969065316370145,
        -0.06097977469928971,
        0.43785661352396543,
        1.5042914202278928,
        -0.0030675174084300273,
        0.9912809917730387,
        0.13396993783543665,
        0.08746371912085923,
        0,
        0,
        0,
        1
      ],
      "fov": 53.335174575529805,
      "aspect": 1.6505914467697906
    },
    {
      "camera_to_world": [
        -0.43664960743713155,
        0.11677060714547398,
        -0.8917641460920517,
        -1.8000708339780296,
        -0.8996263492455809,
        -0.06008240694213693,
        0.43237508910534883,
        1.490412345175388,
        -0.0030906420153451564,
        0.99133986587997,
        0.13344845471512812,
        0.08384938290130561,
        0,
        0,
        0,
        1
      ],
      "fov": 53.335174575529805,
      "aspect": 1.6505914467697906
    },
    {
      "camera_to_world": [
        -0.4310825986564025,
        0.11673548145564978,
        -0.8944822683506256,
        -1.784843955154529,
        -0.9023071197133027,
        -0.059185094096428005,
        0.4268864782609864,
        1.4765153740876917,
        -0.0031072255030193574,
        0.9913979786171216,
        0.1329263190051241,
        0.08026211479500509,
        0,
        0,
        0,
        1
      ],
      "fov": 53.335174575529805,
      "aspect": 1.6505914467697906
    },
    {
      "camera_to_world": [
        -0.4255097756125333,
        0.11669980906972674,
        -0.8971610378821404,
        -1.7696396866705315,
        -0.9049484591785497,
        -0.0582878482087681,
        0.421392019441769,
        1.4625984420376663,
        -0.0031172244930735863,
        0.991455335007221,
        0.1324040711497516,
        0.07670503804579462,
        0,
        0,
        0,
        1
      ],
      "fov": 53.335174575529805,
      "aspect": 1.6505914467697906
    },
    {
      "camera_to_world": [
        -0.4199323855111374,
        0.11666354325224763,
        -0.8998000604113134,
        -1.754460367526675,
        -0.9075500280651535,
        -0.05739068119126347,
        0.41589292286178625,
        1.4486594840981746,
        -0.003120602163758317,
        0.9915119401138011,
        0.1318822505012603,
        0.07318127589751108,
        0,
        0,
        0,
        1
      ],
      "fov": 53.335174575529805,
      "aspect": 1.6505914467697906
    },
    {
      "camera_to_world": [
        -0.4143516443556981,
        0.11662663726844937,
        -0.9023989853275959,
        -1.7393083367235977,
        -0.9101115300253365,
        -0.05649360482133516,
        0.4103903692474163,
        1.4346964353420786,
        -0.0031173281299837047,
        0.9915677990403603,
        0.1313613950470037,
        0.06969395159399136,
        0,
        0,
        0,
        1
      ],
      "fov": 53.335174575529805,
      "aspect": 1.6505914467697906
    },
    {
      "camera_to_world": [
        -0.40876873574859346,
        0.11658904438413953,
        -0.90495750460664,
        -1.7241859332619383,
        -0.9126327108286698,
        -0.05559663074154416,
        0.4048855086587738,
        1.4207072308422415,
        -0.003107378317854773,
        0.9916229169295059,
        0.13084204115745515,
        0.06624618837907237,
        0,
        0,
        0,
        1
      ],
      "fov": 53.335174575529805,
      "aspect": 1.6505914467697906
    },
    {
      "camera_to_world": [
        -0.40318480976905324,
        0.1165507178655349,
        -0.9074753516787166,
        -1.7090954961423346,
        -0.9151133572020882,
        -0.054699770459428074,
        0.3993794593839999,
        1.406689805671525,
        -0.0030907348342616076,
        0.9916772989620739,
        0.130324723355677,
        0.06284110949659101,
        0,
        0,
        0,
        1
      ],
      "fov": 53.335174575529805,
      "aspect": 1.6505914467697906
    },
    {
      "camera_to_world": [
        -0.3976009819279918,
        0.11651161097906163,
        -0.9099523002489691,
        -1.6940393643654252,
        -0.9175532956259566,
        -0.05380303534734916,
        0.3938733069065313,
        1.3926420949027922,
        -0.003067385832074986,
        0.9917309503562323,
        0.12980997410878423,
        0.05948183819038418,
        0,
        0,
        0,
        1
      ],
      "fov": 53.335174575529805,
      "aspect": 1.6505914467697906
    },
    {
      "camera_to_world": [
        -0.3920183321993238,
        0.11647167699111691,
        -0.9123881630743451,
        -1.6790198769318478,
        -0.9199523910911086,
        -0.05290643664235383,
        0.3883681029451627,
        1.3785620336089053,
        -0.0030373253714948197,
        0.9917838763665627,
        0.12929832364187122,
        0.05617149770428875,
        0,
        0,
        0,
        1
      ],
      "fov": 53.335174575529805,
      "aspect": 1.6505914467697906
    },
    {
      "camera_to_world": [
        -0.3864379041270417,
        0.11643086916779251,
        -0.9147827907019671,
        -1.6640393728422413,
        -0.9223105458217012,
        -0.0520099854460435,
        0.38286486456638946,
        1.364447556862727,
        -0.00300055327809505,
        0.9918360822831235,
        0.12879029977479434,
        0.05291321128214167,
        0,
        0,
        0,
        1
      ],
      "fov": 53.335174575529805,
      "aspect": 1.6505914467697906
    },
    {
      "camera_to_world": [
        -0.3808607040070235,
        0.11638914077455975,
        -0.9171360701736214,
        -1.6491001910972434,
        -0.9246276979686094,
        -0.05111369272445681,
        0.3773645733682271,
        1.35029659973712,
        -0.0029570749981005767,
        0.9918875734304919,
        0.12828642778213986,
        0.04971010216777982,
        0,
        0,
        0,
        1
      ],
      "fov": 53.335174575529805,
      "aspect": 1.6505914467697906
    },
    {
      "camera_to_world": [
        -0.3752877001422488,
        0.11634644507591609,
        -0.9194479237009162,
        -1.6342046706974929,
        -0.9269038202779689,
        -0.050217569307963214,
        0.3718681747344081,
        1.3361070973049467,
        -0.0029069014514242876,
        0.99193835516679,
        0.1277872302766362,
        0.04656529360504007,
        0,
        0,
        0,
        1
      ],
      "fov": 53.335174575529805,
      "aspect": 1.6505914467697906
    },
    {
      "camera_to_world": [
        -0.3697198221698253,
        0.1163027353349935,
        -0.9217183073155409,
        -1.6193551506436272,
        -0.9291389187393224,
        -0.04932162589116785,
        0.3663765771575938,
        1.321876984639069,
        -0.0028500488829806274,
        0.9919884328826873,
        0.12729322711621188,
        0.043481908837759355,
        0,
        0,
        0,
        1
      ],
      "fov": 53.335174575529805,
      "aspect": 1.6505914467697906
    },
    {
      "camera_to_world": [
        -0.3641579604579722,
        0.11625796481312818,
        -0.9239472094989043,
        -1.6045539699362852,
        -0.9313330312176692,
        -0.048425873032827756,
        0.3608906516299846,
        1.30760419681235,
        -0.002786538712781365,
        0.9920378120003883,
        0.12680493533484083,
        0.04046307110977457,
        0,
        0,
        0,
        1
      ],
      "fov": 53.335174575529805,
      "aspect": 1.6505914467697906
    },
    {
      "camera_to_world": [
        -0.35860296557087157,
        0.11621208676939199,
        -0.9261346497952604,
        -1.589803467576105,
        -0.9334862260735406,
        -0.04753032115577921,
        0.3554112310994762,
        1.2932866688976523,
        -0.0027163973853041234,
        0.992086497972597,
        0.12632286909726512,
        0.037511903664922595,
        0,
        0,
        0,
        1
      ],
      "fov": 53.335174575529805,
      "aspect": 1.6505914467697906
    },
    {
      "camera_to_world": [
        -0.35305564779907955,
        0.11616505446008532,
        -0.9282806774122706,
        -1.5751059825637244,
        -0.9355986007750439,
        -0.046634980546876495,
        0.34993910998929717,
        1.2789223359678386,
        -0.002639656218611393,
        0.9921344962814657,
        0.125847539677637,
        0.03463152974704036,
        0,
        0,
        0,
        1
      ],
      "fov": 53.335174575529805,
      "aspect": 1.6505914467697906
    },
    {
      "camera_to_world": [
        -0.3475167767529917,
        0.11611682113819169,
        -0.9303853698127386,
        -1.5604638538997828,
        -0.9376702805056152,
        -0.045739861356941657,
        0.3444750437788591,
        1.2645091330957703,
        -0.0025563512536802423,
        0.9921818124375235,
        0.12537945546207682,
        0.03182507259996474,
        0,
        0,
        0,
        1
      ],
      "fov": 53.335174575529805,
      "aspect": 1.6505914467697906
    },
    {
      "camera_to_world": [
        -0.3419870810166772,
        0.1160673400527935,
        -0.93244883130108,
        -1.5458794205849167,
        -0.9397014167710231,
        -0.04484497360072551,
        0.3390197486433765,
        1.250044995354311,
        -0.002466523104387655,
        0.9922284519785852,
        0.12491912197510771,
        0.029095655467532608,
        0,
        0,
        0,
        1
      ],
      "fov": 53.335174575529805,
      "aspect": 1.6505914467697906
    },
    {
      "camera_to_world": [
        -0.33646724785923443,
        0.1160165644484499,
        -0.9344711916078682,
        -1.5313550216197658,
        -0.9416921860089488,
        -0.04395032715687983,
        0.3335739011496453,
        1.235527857816323,
        -0.002370216808578426,
        0.9922744204686434,
        0.12446704192989214,
        0.026446401593580922,
        0,
        0,
        0,
        1
      ],
      "fov": 53.335174575529805,
      "aspect": 1.6505914467697906
    },
    {
      "camera_to_world": [
        -0.3309579230006801,
        0.11596444756453561,
        -0.9364526044755861,
        -1.516892996004968,
        -0.9436427882042568,
        -0.043055931767940515,
        0.32813813800522806,
        1.2209556555546686,
        -0.0022674816806249193,
        0.99231972349674,
        0.12402371530216821,
        0.02388043422194657,
        0,
        0,
        0,
        1
      ],
      "fov": 53.335174575529805,
      "aspect": 1.6505914467697906
    },
    {
      "camera_to_world": [
        -0.32545971042925614,
        0.11591094263454162,
        -0.9383932462485022,
        -1.5024956827411606,
        -0.9455534455128461,
        -0.04216179704032186,
        0.32271305585816346,
        1.2063263236422102,
        -0.002158371165869681,
        0.9923643666758206,
        0.12358963942776031,
        0.021400876596466417,
        0,
        0,
        0,
        1
      ],
      "fov": 53.335174575529805,
      "aspect": 1.6505914467697906
    },
    {
      "camera_to_world": [
        -0.31997317226693256,
        0.11585600288533726,
        -0.9402933144693587,
        -1.4881654208289834,
        -0.9474244008967531,
        -0.04126793244432187,
        0.3172992111442059,
        1.1916377971518104,
        -0.0020429426973238005,
        0.9924083556415694,
        0.12316530912352122,
        0.019010851960977404,
        0,
        0,
        0,
        1
      ],
      "fov": 53.335174575529805,
      "aspect": 1.6505914467697906
    },
    {
      "camera_to_world": [
        -0.31449882867979073,
        0.11579958153639378,
        -0.9421530264853404,
        -1.4739045492690732,
        -0.9492559167729464,
        -0.040374347314138435,
        0.3118971199785071,
        1.1768880111563322,
        -0.0019212575549748987,
        0.9924516960512252,
        0.12275121683154946,
        0.0167134835593164,
        0,
        0,
        0,
        1
      ],
      "fov": 53.335174575529805,
      "aspect": 1.6505914467697906
    },
    {
      "camera_to_world": [
        -0.3090371578298949,
        0.1157416317989696,
        -0.9439726180655648,
        -1.459715407062069,
        -0.9510482736780426,
        -0.03948105084789661,
        0.3065072580885676,
        1.1620749007286377,
        -0.0017933807280409648,
        0.9924943935823806,
        0.12234785278651933,
        0.014511894635320322,
        0,
        0,
        0,
        1
      ],
      "fov": 53.335174575529805,
      "aspect": 1.6505914467697906
    },
    {
      "camera_to_world": [
        -0.30358859586519815,
        0.11568210687525686,
        -0.9457523420321025,
        -1.445600333208609,
        -0.9528017689509306,
        -0.03858805210768668,
        0.3011300607852202,
        1.1471964009415894,
        -0.0016593807804874516,
        0.9925364539317617,
        0.12195570520595772,
        0.012409208432826016,
        0,
        0,
        0,
        1
      ],
      "fov": 53.335174575529805,
      "aspect": 1.6505914467697906
    },
    {
      "camera_to_world": [
        -0.29815353694397895,
        0.11562095995748971,
        -0.947492466906323,
        -1.4315616667093312,
        -0.9545167154350924,
        -0.037695360019613024,
        0.2957659229683559,
        1.1322504468680499,
        -0.0015193297201074327,
        0.9925778828139888,
        0.12157526050330644,
        0.01040854819567047,
        0,
        0,
        0,
        1
      ],
      "fov": 53.335174575529805,
      "aspect": 1.6505914467697906
    },
    {
      "camera_to_world": [
        -0.2927323332902658,
        0.11555814422701383,
        -0.9491932755721184,
        -1.417601746564874,
        -0.9561934402021695,
        -0.03680298337385394,
        0.2904151991640571,
        1.1172349735808813,
        -0.0013733028714475687,
        0.9926186859603202,
        0.12120700352361465,
        0.00851303716769053,
        0,
        0,
        0,
        1
      ],
      "fov": 53.335174575529805,
      "aspect": 1.6505914467697906
    },
    {
      "camera_to_world": [
        -0.28732529527668643,
        0.11549361285331786,
        -0.9508550639573519,
        -1.4037229117758754,
        -0.957832283298129,
        -0.035910930824732096,
        0.28507820358977637,
        1.102147916152947,
        -0.001221378752845342,
        0.9926588691173767,
        0.12085141780172137,
        0.006725798592723112,
        0,
        0,
        0,
        1
      ],
      "fov": 53.335174575529805,
      "aspect": 1.6505914467697906
    },
    {
      "camera_to_world": [
        -0.28193269153115436,
        0.11542731899302616,
        -0.9524781397346475,
        -1.3899275013429742,
        -0.9594335965131544,
        -0.035019210890795856,
        0.27975521024417804,
        1.086987209657109,
        -0.0010636389578273276,
        0.9926984380458489,
        0.12050898584280463,
        0.005049955714605106,
        0,
        0,
        0,
        1
      ],
      "fov": 53.335174575529805,
      "aspect": 1.6505914467697906
    },
    {
      "camera_to_world": [
        -0.27655474906380817,
        0.11535921578885305,
        -0.9540628210424231,
        -1.3762178542668078,
        -0.9609977421761988,
        -0.03412783195491107,
        0.27444645301824744,
        1.0717507891662292,
        -0.0009001680411026073,
        0.9927373985191846,
        0.1201801894251964,
        0.0034886317771734288,
        0,
        0,
        0,
        1
      ],
      "fov": 53.335174575529805,
      "aspect": 1.6505914467697906
    },
    {
      "camera_to_world": [
        -0.27119165341061063,
        0.11528925636851867,
        -0.9556094352268609,
        -1.3625963095480151,
        -0.962525091974922,
        -0.03323680226436367,
        0.2691521258242741,
        1.0564365897531711,
        -0.0007310534093713371,
        0.992775756322259,
        0.1198655099253921,
        0.002044950024264955,
        0,
        0,
        0,
        1
      ],
      "fov": 53.335174575529805,
      "aspect": 1.6505914467697906
    },
    {
      "camera_to_world": [
        -0.26584354879002803,
        0.11521739384362646,
        -0.95711831760529,
        -1.3490652061872341,
        -0.9640160258015497,
        -0.032346129930972814,
        0.26387238273931446,
        1.041042546490797,
        -0.0005563852171544031,
        0.9928135172500278,
        0.11956542866521273,
        0.0007220336997165594,
        0,
        0,
        0,
        1
      ],
      "fov": 53.335174575529805,
      "aspect": 1.6505914467697906
    },
    {
      "camera_to_world": [
        -0.2605105382692214,
        0.1151435813085021,
        -0.9585898102512669,
        -1.335626883185103,
        -0.965470930624999,
        -0.031455822931214523,
        0.25860733815975595,
        1.0255665944519692,
        -0.00037625626783817644,
        0.9928506871061593,
        0.11928042728111761,
        -0.0004769939526347994,
        0,
        0,
        0,
        1
      ],
      "fov": 53.335174575529805,
      "aspect": 1.6505914467697906
    },
    {
      "camera_to_world": [
        -0.2551926839361972,
        0.11506777183899414,
        -0.9600242608014226,
        -1.3222836795422601,
        -0.9668901993894292,
        -0.030565889106355843,
        0.2533570669636152,
        1.0100066687095501,
        -0.0001907619201161579,
        0.9928872717016505,
        0.1190109881157054,
        -0.0015490096889522187,
        0,
        0,
        0,
        1
      ],
      "fov": 53.335174575529805,
      "aspect": 1.6505914467697906
    },
    {
      "camera_to_world": [
        -0.24989000707438547,
        0.11498991849123613,
        -0.9614220212839639,
        -1.3090379342593437,
        -0.9682742299392066,
        -0.029676336162599466,
        0.24812160467722438,
        0.9943607043364026,
        -2.4286128663675293e-17,
        0.9929232768534251,
        0.11875759463148763,
        -0.002490890265398865,
        0,
        0,
        0,
        1
      ],
      "fov": 53.335174575529805,
      "aspect": 1.6505914467697906
    },
    {
      "camera_to_world": [
        -0.22949124951494929,
        0.1146063265874642,
        -0.9664734692918563,
        -1.2935783126092826,
        -0.9733095265333753,
        -0.0254642892596036,
        0.22806449393009914,
        0.9755283031268949,
        0.0015270741449884778,
        0.9930845683418058,
        0.11796448517825577,
        -0.003406869596464427,
        0,
        0,
        0,
        1
      ],
      "fov": 53.335174575529805,
      "aspect": 1.6505914467697906
    },
    {
      "camera_to_world": [
        -0.20878251263484665,
        0.11419497101282856,
        -0.9711160635452247,
        -1.2783599103650412,
        -0.9779569799656929,
        -0.02116638853111578,
        0.20770197024733641,
        0.9561034488604683,
        0.003163503478969672,
        0.9932328491305195,
        0.11744565841188678,
        -0.004091016113736656,
        0,
        0,
        0,
        1
      ],
      "fov": 53.335174575529805,
      "aspect": 1.6505914467697906
    },
    {
      "camera_to_world": [
        -0.18773594312060693,
        0.1137558792256103,
        -0.9753430815730336,
        -1.2633742863161759,
        -0.9822073104012518,
        -0.016786738304451154,
        0.1870086344042773,
        0.9361122575127201,
        0.004900515784647692,
        0.9933669036960644,
        0.11719063053788042,
        -0.004550162016998828,
        0,
        0,
        0,
        1
      ],
      "fov": 53.335174575529805,
      "aspect": 1.6505914467697906
    },
    {
      "camera_to_world": [
        -0.16632556028633066,
        0.11328908498731945,
        -0.9791443043367689,
        -1.2486129992522423,
        -0.9860479324566376,
        -0.012329472951695217,
        0.16596082148716387,
        0.9155808450592476,
        0.006729256528638698,
        0.9934855647262669,
        0.11718974791410064,
        -0.004791139506034225,
        0,
        0,
        0,
        1
      ],
      "fov": 53.335174575529805,
      "aspect": 1.6505914467697906
    },
    {
      "camera_to_world": [
        -0.1445274071550021,
        0.11279462925970275,
        -0.9825061683854045,
        -1.2340676079627952,
        -0.9894630696561492,
        -0.0077987583065154045,
        0.14453675968585922,
        0.894535327475648,
        0.008640738838921917,
        0.9935877168016132,
        0.11743404184538317,
        -0.004820780780626126,
        0,
        0,
        0,
        1
      ],
      "fov": 53.335174575529805,
      "aspect": 1.6505914467697906
    },
    {
      "camera_to_world": [
        -0.1223197383351788,
        0.11227256105342247,
        -0.9854119078611161,
        -1.2197296712373906,
        -0.9924338638186344,
        -0.0031987927531541283,
        0.1227167602455438,
        0.8730018207375186,
        0.010625796893861481,
        0.9936722999859802,
        0.11791509063878518,
        -0.004645918040557805,
        0,
        0,
        0,
        1
      ],
      "fov": 53.335174575529805,
      "aspect": 1.6505914467697906
    },
    {
      "camera_to_world": [
        -0.0996832446729969,
        0.11172293822635058,
        -0.9878416950562282,
        -1.2055907478655836,
        -0.9949384875541787,
        0.0014661920070928312,
        0.10048343911523692,
        0.8510064408204565,
        0.012675042992712228,
        0.9937383133174797,
        0.11862488765858599,
        -0.004273383485612548,
        0,
        0,
        0,
        1
      ],
      "fov": 53.335174575529805,
      "aspect": 1.6505914467697906
    },
    {
      "camera_to_world": [
        -0.07660131401469021,
        0.11114582822943513,
        -0.9897727881310061,
        -1.1916423966369303,
        -0.996952268121067,
        0.006191930505523601,
        0.07782197007635251,
        0.8285753037000592,
        0.01477882875883895,
        0.9937848181894348,
        0.11955571441302922,
        -0.0037100093155736304,
        0,
        0,
        0,
        1
      ],
      "fov": 53.335174575529805,
      "aspect": 1.6505914467697906
    },
    {
      "camera_to_world": [
        -0.05306032656930018,
        0.1105413087981334,
        -0.9911796945823751,
        -1.1778761763409857,
        -0.9984478310198832,
        0.010974123364281385,
        0.05472036822776066,
        0.8057345253519238,
        0.01692721111257824,
        0.9938109416109188,
        0.12070001801411519,
        -0.0029626277302243313,
        0,
        0,
        0,
        1
      ],
      "fov": 53.335174575529805,
      "aspect": 1.6505914467697906
    },
    {
      "camera_to_world": [
        -0.029049982287962888,
        0.10990946858747225,
        -0.9920343590441308,
        -1.1642836457673056,
        -0.9993952718219108,
        0.015808437454516638,
        0.03116980161409005,
        0.7825102217516474,
        0.01910992383757632,
        0.9938158793358387,
        0.12205029267985594,
        -0.002038070929347929,
        0,
        0,
        0,
        1
      ],
      "fov": 53.335174575529805,
      "aspect": 1.6505914467697906
    },
    {
      "camera_to_world": [
        -0.004563656356271769,
        0.10925040774888813,
        -0.9923063839317416,
        -1.1508563637054456,
        -0.9997623647739075,
        0.020690506344566914,
        0.007164927489824621,
        0.7589285088748274,
        0.021316355747317543,
        0.9937988988492124,
        0.1235989652965443,
        -0.0009431711127277048,
        0,
        0,
        0,
        1
      ],
      "fov": 53.335174575529805,
      "aspect": 1.6505914467697906
    },
    {
      "camera_to_world": [
        0.02040122267709936,
        0.10856423844712047,
        -0.9919632912443255,
        -1.137585888944961,
        -0.9995148166129538,
        0.025615931027042876,
        -0.017295751795860306,
        0.7350155026970611,
        0.023535536629802248,
        0.9937593421991133,
        0.12533828542604822,
        0.0003152395198530696,
        0,
        0,
        0,
        1
      ],
      "fov": 53.335174575529805,
      "aspect": 1.6505914467697906
    },
    {
      "camera_to_world": [
        0.04584277942924539,
        0.1078510853155761,
        -0.9909708334209857,
        -1.1244637802754074,
        -0.998616573677438,
        0.030580280912483708,
        -0.042209520022288075,
        0.7107973191939455,
        0.025756132297676884,
        0.9936966286626749,
        0.12726022052631042,
        0.001730328768611106,
        0,
        0,
        0,
        1
      ],
      "fov": 53.335174575529805,
      "aspect": 1.6505914467697906
    },
    {
      "camera_to_world": [
        0.07175429219167498,
        0.10711108584875614,
        -0.9892933604320419,
        -1.1114815964863398,
        -0.9970301897215001,
        0.03557909507602607,
        -0.06756907404888253,
        0.6863000743410781,
